9
258
2999
9867
109
6303
8
2
17
12
6
17
237
615
13
199
16
733
8
1
17999
15
89
5
16
683
3115
11
13
26
24
192
179
15999
18
169
17999
13
7
4009
1299
1299
972
139
46
10999
1299
699
825
1059
491
1299
385
9051
3
1
6
139
193
507
714
5173
79
760
17999
197
3
16
463
932
647
383
7724
5
5
8
1
7
3
4
4999
15
31
12999
15
7
2
2
6
199
7999
2159
5999
199
17
82
15
724
76
32
13
215
3
541
109
9
5999
299
7
30
752
38
749
3641
13999
3124
2709
11999
74
79
93
15
4597
3316
159
599
7
119
1099
121
49
49
8132
889
2213
60
149
750
7
8
379
178
8366
16
198
119
8336
6789
9
72
Z1999
17999
4578
8555
699
941
7600
9737
8389
1499
64
335
124
16
1099
3999
577
7
4887
4865
1199
191
12
7152
209
59
17
901
14
863
399
9399
156
977
17999
5
1713
12
267
748
9409
388
8814
2209
179
1631
11
19799
450
14
790
69
5700
19099
14999
107
119
85
7999
598
1
49
2
99
46
691
1881
3
49
165
1399
245
45
1
688
99
768
277
139
17999
389
79
7037
1699
24
732
3178
15
10999
7070
728
69
75
543
1
33
89
4229
6
8841
1499
6999
44
159
65
10
6345
999
10
7
194
8309
159
119
79
599
10599
169
4
8
1099
75
1389
7999
29
5
220
8
14
6999
780
482
599
4464
6292
16
55
1
169
600
939
39
3
2833
2763
6
1399
119
499
9
10
5999
10
1
799
538
4422
13
9715
13
149
11999
7
825
277
4111
12999
577
9
7531
188
7505
1699
4
139
799
699
1095
37
11
159
9
34
1989
508
4904
7096
14
11
7381
5
5768
5817
199
1
7737
8473
1799
344
4
81
636
159
299
5160
2
15
69
241
6
59
49
6
15
1929
4999
5999
4
7268
2320
799
11
1251
701
999
426
9
299
773
1929
768
189
450
91
410
82
196
7640
523
9172
1099
417
751
19
3
8
13
4
7318
6206
4999
7613
89
28
1282
899
908
1299
47
4999
367
1699
12
2747
5368
391
16999
1499
89
4999
404
7
9732
5462
159
1583
17
217
149
8164
2999
32
195
865
1699
299
59
1919
6
3
3
28
4183
350
73
8
8
969
5324
10999
343
3999
57
169
2
78
18999
65
9842
299
49
4
18
10998
169
299
690
68
84
5
3287
988
3
16999
2
169
179
78
92
8999
9799
13
149
809
459
1499
2581
7224
12
339
8
19
17
4
7871
8788
1499
8743
43
10
91
1199
860
4886
8
7999
6
9
1
7369
2999
16
516
2999
690
399
10
830
3999
523
828
8960
2
89
12
10599
15
26
5380
119
2294
3513
3
289
5
12
796
69
159
2748
2
861
3
248
107
179
14
1021
374
7
8388
1
3831
8701
159
6899
19699
18
11
457
4816
19
4
5620
7512
39
59
11
49
2901
16
1979
7
149
7593
19929
1446
39
5072
12
514
2
94
17999
1087
3122
248
11
2
8162
9491
2580
1599
4
1
59
18
79
22
403
4632
6
349
23
4
8792
18
29
5009
9
831
10
91
7999
15999
49
288
14999
15
741
655
15
10
2
830
149
4
7
79
133
7
7666
199
955
8
159
59
269
13
49
3562
11
89
83
25
29
9
8
15
91
9
15
16999
686
159
194
79
15
7
6442
3
5
999
1
13
1499
4128
10
5
34
7716
179
5815
4079
638
670
959
2
3999
109
12999
4583
53
547
9200
977
7999
2999
1799
21
57
14
1699
43
18
799
16999
450
79
692
10999
1059
1099
429
1406
14
186
10099
94
89
3
49
4531
7
9599
54
41
119
19199
705
3438
3142
1309
8
3
1199
1099
352
3
17
11
115
801
1620
16999
804
149
14
1834
77
8
29
6278
21
1099
3
3109
760
1320
2552
89
1399
9
15
486
149
3893
399
1
6
599
16
697
5
1299
2999
1
3999
5458
6
5990
117
96
32
49
5235
89
15
1199
5
159
27
192
7
41
69
6
49
7
39
159
1599
939
9887
4513
87
9
921
79
1913
2999
29
19
599
90
5
69
1399
15999
873
37
71
3
943
149
19919
525
76
7257
77
29
109
36
689
10999
5
8999
7
1199
2939
9
5
49
39
17999
881
3929
19799
7919
10999
3
159
4
7
24
309
1996
15
599
7649
650
5
8
15
3
16
10399
9
89
541
62
79
6
19
847
7187
4
17
2817
1
263
9
6277
248
3
5838
1006
14999
10
5
2982
39
129
1
1599
15999
159
628
8
315
8939
1999
159
5
6
1929
8
37
19
12
9434
70
9
10199
12999
4331
8083
69
8979
6809
42
283
16
107
7999
1909
7122
110
403
23
5
14999
69
9
48
1778
196
7
7335
89
10069
139
172
7
13999
72
18
149
17
4224
1799
2
17
69
8
5577
6348
79
9260
13
49
84
109
11
65
944
140
11999
552
382
1
1199
17
159
