964
1 1
9
3 1
258
4 0
2148
4 2
9867
2 -1
15
4 3
6303
1 1
8
1 1
2
2 1
17
2 2
12
1 1
6
1 -1
8
3 3
237
3 3
615
2 1
13
3 0
116
1 -1
7
3 3
733
1 1
8
1 0
1
4 -1
8450
2 1
15
2 1
89
1 0
5
2 1
16
3 1
683
4 1
3115
1 -1
2
1 -1
4
2 2
26
2 1
24
2 -1
93
2 -1
82
4 -1
6289
1 -1
9
3 1
169
4 -1
8388
1 -1
4
1 1
7
4 0
3910
3 -1
345
3 -1
387
3 2
972
2 -1
40
2 1
46
4 -1
1114
3 -1
365
3 0
650
3 1
825
3 0
968
3 1
491
3 -1
334
3 3
385
4 2
9051
1 0
3
1 0
1
1 1
6
2 -1
46
2 -1
94
3 3
507
3 1
714
4 1
5173
2 0
71
3 2
760
4 -1
8017
3 3
197
1 0
3
1 -1
7
3 3
463
3 2
932
3 1
647
3 2
383
4 1
7724
1 0
5
1 0
5
1 1
8
1 0
1
1 0
7
1 1
3
1 1
4
4 0
4473
1 -1
6
2 1
31
4 -1
3530
1 -1
6
1 1
7
1 0
2
1 1
2
1 0
6
3 0
144
4 0
7449
4 1
2159
4 0
5773
3 0
126
1 -1
8
2 2
82
1 -1
6
3 1
724
2 1
76
2 1
32
1 -1
4
3 2
215
1 0
3
3 3
541
3 1
107
1 0
9
4 0
5040
3 0
208
1 0
7
2 1
30
3 2
752
2 2
38
3 3
749
4 3
3641
4 -1
4007
4 2
3124
4 1
2706
4 -1
2066
2 1
74
2 2
79
2 1
93
1 -1
6
4 4
4597
4 2
3316
2 -1
64
3 0
517
1 1
7
3 3
119
3 -1
154
3 2
121
2 0
40
2 0
42
4 1
8132
3 3
889
4 4
2213
2 1
60
2 -1
52
3 1
750
1 1
7
1 0
8
3 3
379
3 3
178
4 3
8366
1 -1
7
2 -1
99
2 -1
24
4 2
8336
4 3
6789
1 0
9
2 2
72
4 0
1609
4 -1
8266
4 3
4578
4 4
8555
3 0
602
3 2
941
4 2
7600
4 4
9737
4 1
8389
3 -1
579
2 2
64
3 2
335
3 2
124
1 -1
7
3 -1
140
4 0
3248
3 2
577
1 0
7
4 2
4887
4 4
4865
3 -1
271
2 -1
92
1 -1
3
4 1
7152
3 1
201
2 0
59
1 -1
8
3 3
901
1 -1
5
3 2
863
3 0
380
4 1
9332
3 2
156
3 2
977
4 -1
8135
1 1
5
4 1
1713
1 -1
3
3 2
267
3 3
748
4 2
9407
3 1
388
4 1
8814
4 1
2209
2 -1
82
4 2
1631
1 -1
2
4 -1
9889
3 1
450
1 -1
5
3 2
790
2 0
63
4 3
5700
4 -1
9154
4 -1
5013
3 3
107
2 -1
21
2 2
85
4 0
7076
3 3
598
1 0
1
2 0
40
1 1
2
2 0
90
2 2
46
3 2
691
4 1
1881
1 1
3
2 1
49
3 1
165
3 -1
430
3 2
245
2 1
45
1 1
1
3 2
688
2 1
99
3 3
768
3 2
277
2 -1
45
4 -1
8663
3 1
389
2 1
79
4 3
7037
3 -1
732
2 1
24
3 2
732
4 1
3178
1 -1
6
4 -1
1814
4 3
7070
3 1
728
2 2
69
2 1
75
3 2
543
1 0
1
2 1
33
2 0
86
4 1
4229
1 0
6
4 3
8841
3 -1
569
4 0
6198
2 2
44
2 -1
69
2 1
65
1 -1
1
4 2
6345
3 0
901
1 -1
1
1 0
7
2 -1
95
4 1
8305
2 -1
60
2 -1
21
2 0
73
3 0
533
4 0
9662
2 -1
73
1 1
4
1 0
8
3 -1
178
2 1
75
4 3
1389
4 0
7472
2 0
21
1 1
5
3 2
220
1 1
8
1 -1
5
4 0
6624
3 1
780
3 1
482
3 0
566
4 3
4464
4 2
6292
1 -1
7
2 1
55
1 1
1
2 -1
72
3 3
600
3 1
933
2 0
39
1 1
3
4 3
2833
4 1
2763
1 0
6
3 -1
445
2 -1
28
3 0
411
1 1
9
1 -1
1
4 0
5061
1 -1
1
1 1
1
3 0
727
3 1
538
4 3
4422
1 -1
4
4 3
9715
1 -1
4
2 -1
57
4 -1
2749
1 1
7
3 3
825
3 1
277
4 3
4111
4 -1
3689
3 1
577
1 0
9
4 4
7531
3 1
188
4 3
7505
3 -1
719
1 1
4
2 -1
41
3 0
757
3 0
610
3 0
996
2 1
37
1 -1
2
2 -1
60
1 0
9
2 1
34
4 1
1981
3 2
508
4 4
4904
4 4
7096
1 -1
5
1 -1
2
4 3
7381
1 1
5
4 1
5768
4 1
5817
3 0
187
1 1
1
4 4
7737
4 2
8473
3 -1
831
3 1
344
1 0
4
2 1
81
3 3
636
2 -1
66
3 0
272
4 4
5160
1 1
2
1 -1
6
2 0
60
3 1
241
1 0
6
2 0
52
2 0
45
1 1
6
1 -1
6
3 -1
937
4 0
4549
4 0
5754
1 0
4
4 1
7268
4 2
2320
3 0
768
2 1
11
4 2
1251
3 3
701
3 0
907
3 1
426
1 0
9
3 0
230
3 1
773
3 -1
935
3 1
768
2 -1
90
3 1
450
2 1
91
3 2
410
2 2
82
2 -1
97
4 1
7640
3 1
523
4 4
9172
3 -1
156
3 3
417
3 2
751
2 0
12
1 1
3
1 0
8
1 -1
4
1 0
4
4 4
7318
4 3
6206
4 0
4200
4 3
7613
2 0
83
2 2
28
4 1
1282
3 0
875
3 3
908
3 -1
331
2 1
47
4 0
4811
3 3
367
3 -1
783
1 -1
3
4 2
2747
4 2
5368
3 1
391
4 -1
7649
3 -1
589
2 2
89
4 0
4618
3 0
395
1 1
7
4 4
9732
4 2
5462
2 -1
60
4 4
1583
1 -1
8
3 1
217
2 -1
50
4 4
8164
4 3
2999
2 2
32
2 -1
96
3 3
865
3 -1
796
3 0
254
2 0
57
3 -1
926
1 0
6
1 0
3
1 1
3
2 2
28
4 1
4183
3 3
350
2 2
73
1 1
8
1 0
8
3 2
969
4 4
5324
4 -1
1708
3 1
343
4 0
3453
2 1
57
2 -1
75
1 0
2
2 2
78
4 -1
9099
2 2
65
4 3
9842
3 0
242
2 0
43
1 1
4
1 -1
9
4 0
9999
2 -1
77
3 0
272
3 1
690
2 2
68
2 1
84
1 0
5
4 2
3287
3 3
988
1 0
3
4 -1
7309
1 1
2
2 -1
71
2 -1
84
2 1
78
2 1
92
4 0
8253
4 1
9763
1 -1
4
2 -1
53
3 1
806
3 1
459
3 -1
558
4 2
2581
4 1
7224
1 -1
3
3 1
339
1 0
8
2 0
17
1 -1
8
1 0
4
4 2
7871
4 3
8788
3 -1
504
4 3
8743
2 2
43
1 -1
1
2 1
91
3 -1
275
3 2
860
4 2
4886
1 0
8
4 0
7208
1 1
6
1 0
9
1 1
1
4 4
7369
4 0
2013
1 -1
7
3 2
516
4 0
2633
3 2
690
3 0
387
1 -1
1
3 1
830
4 0
3258
3 3
523
3 3
828
4 3
8960
1 0
2
2 0
86
1 -1
3
4 0
9685
2 1
15
2 1
26
4 1
5380
2 -1
23
4 4
2294
4 4
3513
1 1
3
3 2
289
1 0
5
1 -1
3
3 2
796
2 0
67
2 -1
64
4 1
2748
1 1
2
3 3
861
1 1
3
3 1
248
2 0
98
2 -1
87
1 -1
5
4 2
1021
3 2
374
1 0
7
4 3
8388
1 0
1
4 1
3831
4 3
8701
2 -1
61
4 1
6899
4 -1
9788
1 -1
9
1 -1
2
3 3
457
4 3
4816
2 0
18
1 0
4
4 3
5620
4 2
7512
2 0
34
2 0
54
1 -1
2
2 0
49
4 4
2901
1 -1
7
3 -1
987
1 1
7
2 -1
50
4 1
7593
4 -1
9937
4 4
1446
2 1
39
4 2
5072
1 -1
3
3 1
514
1 1
2
2 2
94
4 -1
8429
4 2
1087
4 3
3122
3 2
248
1 -1
2
1 0
2
4 1
8162
4 2
9491
4 2
2580
3 -1
656
1 0
4
1 1
1
2 0
51
2 1
18
2 0
79
2 2
22
3 0
394
4 2
4632
1 1
6
3 3
349
2 1
23
1 0
4
4 2
8792
1 -1
9
2 0
29
4 0
4913
1 1
9
3 2
831
2 1
10
2 2
91
4 0
7137
4 -1
6484
2 2
49
3 1
288
4 -1
5043
1 -1
6
3 2
741
3 3
655
1 -1
6
1 -1
1
1 1
2
3 3
830
2 -1
53
1 1
4
1 1
7
2 0
73
3 3
133
1 1
7
4 1
7666
3 0
164
3 2
955
1 1
8
2 -1
68
2 0
53
3 1
269
1 -1
4
2 0
40
4 1
3562
1 -1
2
2 2
89
2 1
83
2 2
25
2 0
20
1 1
9
1 1
8
2 1
15
2 2
91
1 0
9
1 -1
6
4 -1
7051
3 1
686
2 -1
68
2 -1
95
2 0
73
1 -1
6
1 0
7
4 2
6442
1 1
3
1 0
5
3 0
903
1 0
1
1 -1
4
3 -1
541
4 4
4128
1 -1
1
1 0
5
2 2
34
4 2
7716
2 -1
85
4 1
5815
4 0
3986
3 3
638
3 2
670
3 3
959
1 0
2
4 0
3384
2 -1
19
4 -1
3349
4 2
4583
2 2
53
3 1
547
4 4
9200
3 2
977
4 0
7536
4 0
2461
3 -1
878
2 2
21
2 1
57
1 -1
5
3 -1
744
2 2
43
1 -1
9
3 2
799
4 -1
7335
3 1
450
2 0
75
3 2
692
4 -1
1928
3 0
964
3 -1
165
3 3
429
4 3
1406
1 -1
5
3 3
186
4 0
9135
2 2
94
2 0
83
1 0
3
2 0
42
4 3
4531
1 1
7
4 1
9582
2 1
54
2 1
41
2 -1
29
4 -1
9290
3 3
705
4 2
3438
4 3
3142
4 1
1301
1 0
8
1 1
3
3 -1
242
3 -1
177
3 2
352
1 1
3
1 -1
8
2 2
11
3 3
115
3 3
801
4 1
1620
4 -1
7663
3 3
804
2 -1
51
1 -1
5
4 3
1834
2 1
77
1 0
8
2 2
29
4 1
6278
2 1
21
3 -1
135
1 0
3
4 1
3105
3 3
760
4 1
1320
4 2
2552
2 0
85
3 -1
476
1 0
9
1 -1
6
3 3
486
2 -1
55
4 1
3893
3 0
344
1 0
1
1 0
6
3 0
582
1 -1
7
3 2
697
1 0
5
3 -1
357
4 0
2729
1 0
1
4 0
3641
4 4
5458
1 0
6
4 4
5990
3 1
117
2 2
96
2 1
32
2 0
42
4 3
5235
2 0
87
1 -1
6
3 -1
269
1 0
5
2 -1
66
2 2
27
3 1
192
1 1
7
2 1
41
2 0
62
1 0
6
2 2
49
1 1
7
2 0
36
2 -1
67
3 -1
639
3 1
933
4 3
9887
4 2
4513
2 2
87
1 1
9
3 2
921
2 0
77
4 4
1913
4 0
2417
2 0
22
2 0
13
3 0
575
2 2
90
1 1
5
2 0
62
3 -1
418
4 -1
6186
3 3
873
2 2
37
2 2
71
1 1
3
3 3
943
2 -1
50
4 -1
9924
3 1
525
2 1
76
4 1
7257
2 2
77
2 0
22
2 -1
15
2 2
36
3 3
689
4 -1
1290
1 1
5
4 0
8473
1 0
7
3 -1
293
4 1
2931
1 1
9
1 1
5
2 0
48
2 0
34
4 -1
8712
3 1
881
4 1
3922
4 -1
9894
4 2
7919
4 -1
1047
1 1
3
2 -1
64
1 1
4
1 0
7
2 2
24
3 2
309
3 -1
997
1 -1
6
3 0
525
4 3
7649
3 1
650
1 1
5
1 0
8
1 -1
6
1 0
3
1 -1
7
4 0
9403
1 0
9
2 0
82
3 3
541
2 1
62
2 0
72
1 1
6
2 0
19
3 1
847
4 4
7187
1 0
4
1 -1
8
4 2
2817
1 1
1
3 2
263
1 0
9
4 1
6277
3 3
248
1 0
3
4 1
5838
3 1
997
4 -1
5051
1 -1
1
1 1
5
4 2
2982
2 0
31
2 -1
36
1 1
1
3 -1
651
4 -1
6314
2 -1
61
3 2
628
1 1
8
3 3
315
4 1
8930
4 0
1161
2 -1
68
1 1
5
1 1
6
3 -1
938
1 0
8
2 1
37
2 0
18
1 -1
3
4 2
9434
2 2
70
1 1
9
4 0
9216
4 -1
3418
4 3
4331
4 3
8083
2 0
69
4 1
8973
4 1
6808
2 2
42
3 2
283
1 -1
7
2 0
98
4 0
7430
3 -1
912
4 3
7122
3 2
110
3 0
394
2 1
23
1 0
5
4 -1
5136
2 0
67
1 0
9
2 2
48
4 2
1778
2 -1
97
1 1
7
4 3
7335
2 0
82
4 1
9972
2 -1
43
3 3
172
1 0
7
4 -1
4220
2 2
72
1 -1
9
2 -1
57
1 -1
8
4 4
4224
3 -1
864
1 0
2
2 2
17
2 0
65
1 1
8
4 1
5577
4 2
6348
2 0
75
4 3
9260
1 -1
4
2 0
43
2 2
84
2 -1
12
1 -1
2
2 1
65
3 2
944
3 2
140
4 -1
2022
3 2
552
3 3
382
1 0
1
3 -1
285
1 -1
8
2 -1
62
