5000 1000000000000000000
328795753784688975
44201295269151963
534408375404547369
114914602388493237
594758432452246163
459074773210592908
649597296038116928
2251799813685248
615500543048790021
478003461027422996
989365912250691120
353435202563022710
632438971408601813
136087723645820105
198655582850537256
25573896264172203
43019482024003345
264725549364213487
131621703842267136
67108864
604661760000000000
387770639129302948
636549486379288589
95677768838685823
622291271324633632
617549746427754248
7860020990062337
16677181699666569
261151160480414148
883259185081024203
824935149085600926
999522379044067921
525551243097943100
994620822735162125
984930291881790849
604661760000000000
530077818561560250
369733492229564798
452664545489350515
152740995356154899
753399594209616092
72057594037927936
569776901077656500
66826673276624958
434434196920767445
131621703842267136
703908279276252221
72057594037927936
467680619838757642
211467010101807981
934576612820346287
331185898595244350
2251799813685248
361813685712598611
90894078237978115
572982234789812594
491728519731744316
691456941899499192
980797667768325648
195122787368354377
780773565225270024
252236683064985220
453862692330623094
306789593278178932
143739214373023097
809459538588729927
962911569840140478
94745701032741649
72057594037927936
903789122061633401
461103565833436718
886078265094338315
69992009930435644
747641490103936571
463394411821945024
544075175700357846
12206225269340453
954152077946347579
942756320552211162
863996569909057998
578247686919835075
599488173060151651
726063018391843101
135422027328035032
44972180741345038
952492321100748753
2251799813685248
871806712386821797
304113041038845207
370041021511750455
489674731653053720
39184681294777373
923978149282220189
526319429874115964
455452540652707232
952300681078793313
211964117797401975
713342911662882601
654520907411296295
837001438792109032
610688103657842903
558545864083284007
787026171047377521
892943124432194113
839299365868340224
77703895741720383
115490967103292756
855666450426943406
394623146093896446
967452544654139520
67108864
726187533018926983
736318831621295821
915538467881533481
595680635339204572
333222173203213946
60051618289265345
813439365979135064
479033261262547650
895832345174848480
921429530220330562
640069244425071751
979640836249482040
67108864
719465995980886769
25733731605023557
108524468985218184
590463133754541542
524290
146812327876039691
813631940939514593
341251035620739782
479930563511283405
122460639634019519
875652352005747772
999901770412381456
20048683357872843
242980623583165826
971409458285482351
71804754482626191
110271580865114518
199683524786483204
2199023255555
866373583693164872
470814686430428766
813628833434460150
155436208816061018
494878800099543700
707214828507610820
598331751148852199
303584008195215696
67108864
205592313506249206
822154473856881486
729568285415606608
739008140149374374
988059840239808064
70368744177664
858351000749540601
291788956296039339
979904722230532306
810016404025540188
718756700342884588
677839488853563309
995559017971950924
947740262070047697
172447902709087119
174772174500141200
377561134400187899
730221106219604118
476422406513591571
596259439739643767
521083685331641527
304451575303781977
12876230950178785
854750549847969553
977100187793882287
113792306345433348
517441560043534487
690614001369562183
181730116976999302
127466159002164917
142105306159115623
67592862838750775
185258376451258473
736400113703446247
517723305578466944
902220196199720394
17592186044416
315282554208132078
316798141463588595
126649419956581753
736899691685631023
285463977953253813
815360983115121334
83705287442498202
352745138676911130
344170736638606828
1
923613340184904671
694971512769794994
359792394114566266
909279218105675839
499182227184231015
322406571518311463
101860105871727486
638505307277155486
428546828816873698
116922660857215313
469609177702324962
460033275602784805
990825314683192377
178944589952749720
721209636072991828
273249923906518735
689134352579273610
722482784248314212
203146952177686462
32767
374813367582081024
138886866924813487
246036701134845703
596021812270912115
498383220108890958
391905077324666444
60238494741558807
548761411927134271
795857282641124241
247029307557184368
798668499964670791
504411357369529037
727142550397212471
167433648008041402
618874561741721045
881845900727198451
850944390890057511
376251199598913624
79256199421315099
57498857179859682
157650506994118275
585963219270198451
368285792948028871
95393541035431683
632398690131862067
894056184944324202
366452352748477691
309077146253161973
817178191272810725
845702980903828656
709408055424750950
990842873475540968
976238723833860096
131621703842267136
999648830835360000
2049
310908878974199027
140118815855566578
954636629538665401
197566654134186265
884570106662412887
16677181699666569
964743475193680697
97130607053652663
488918048192959069
656958507404103240
494138238741661697
839394975523204399
55077895463140904
711055016400247000
56743262669251464
548580013186738863
112670220365029477
745679281815645796
630040033363929524
35458735700047778
168377826559400929
22482376278262926
550277750360277161
528239736983392932
688662867198336528
250529717894603395
908930721515274262
733016321713495072
655202895294314887
315847803523768807
114430059056787993
64289040155514437
967758366928128673
4503599627370496
999395939249909776
373616445759649092
586782246310676317
594329548011320302
662929716822699684
679127148190949418
612735443399779781
859033933355717472
306099644323682100
894152732510199539
15474997925150456
355756481780592096
70368744177659
2384185791015625
197331218968399438
125158477097567957
75124475650238178
559074903351772159
374813367582081024
759421104284447544
92885871043209056
376080588134016220
373933375543305084
132064291542272791
621677623299549133
961461192925462384
999901770412381456
126149932844398387
359352757140546009
2541865828329
539373321691755717
197832827705947037
216607100590330332
522446958939655469
972882803267140147
771367549868801243
380214026598982879
695629401202379501
168676097651392764
968787495301137208
41648949676530600
824437925436459071
969003812041318920
4503599627370496
626627643328599928
694240246469721825
981758961976313919
752811978954780111
24002805123837152
713342911662882601
142244329173438490
633696358243523234
481456792893043031
131621703842267136
109928208881658095
185557177236203002
335066208157949069
121713649182925496
663143517530825583
122592531225983296
905108125781555474
492304461037920199
95905465726022274
67108864
58223408717976159
168377826559400929
279862796081212233
433327910093842058
936726083553896026
425553775766750121
393942139222959275
848397163890449815
21223571424117996
909070329364183315
152699464200648536
689067482528638457
2251799813685248
72981987222733583
203041102791564857
657340879435621144
67108864
304019798145629867
686166562103961140
840602709480159892
702661146223316509
738746428308679137
133585850395864626
439946832558465949
869199888576474709
658782571506193688
29888880171550603
329431395620764
72133590322419483
54560543932306160
40983411267257472
139175671840105064
36028797018963968
67108864
744704812954393192
108841345784750217
986116547648311916
313909153577216436
358685290575421427
359610257025147463
231572940317848375
426799350611427695
803377529179414081
70368744177664
874124068234336194
304998060521036084
431347206278270977
700852776151062305
713985415025087532
249537458932002153
422885944983278110
241887480190673679
77015148897410540
144186829841632488
348728179644621749
923600332098372554
877685220169579869
851681009158530928
65382645916087671
954725576371024513
680752095405812835
275962511549996961
278525677587540613
616993707865238397
430962075699123833
91517158285347355
437683486099576717
159892555974187848
182185249370651127
972895552642850119
466560434112574329
364534378758554038
159947503999272643
989420625150357843
991409282525665128
713342911662882601
656868048362380887
835534723913539753
737074805138476554
911688475670313339
928966666785469705
726360036974069735
589648704663143496
699799007621878745
424859584031764675
792942829619565887
325410290678024512
331908890079458829
14269500206463284
312081693456820448
506905745317404068
681224709171526237
551040782004590660
268595912797099482
211870960059659411
693105845229443867
435961406014044691
750982521323982885
2251799813685248
115138525780465293
178512479135894665
514334881744711265
621336909058264785
891773972835871606
626424399690379039
42277047293909183
953803572543984225
228283719966170027
528217311769592819
943174373786315118
190612998232987676
985529099560221333
262475783270862687
846379802553118077
256685372761078906
242801001652563244
399827280228738777
130119948375855846
967454063054859987
693599857178282825
932488915557323340
549755813888
924557370200604632
41714890956570194
170276365651471261
810990614898443675
77984016457163376
63263571423363393
136085471813246645
443041828122700215
289351990128815034
169750918923571748
628775164123204076
716853640576998604
59935373134799464
970003864759893949
284803460828941442
864047651666872243
760975771082981273
166575140831865883
975255297640098000
73453175031329835
5559060566555523
950715454390028798
867803147860591237
221629770990231251
660952270131526268
732904431046528830
821995374839099329
767777469451712077
511797982105048119
37251416364118796
286090767914973235
999522379044067921
221992396090809308
231349955562303182
358535985171793350
15399168646319900
799006685782884121
755833963183636006
185011206045340767
612897229607892745
921918793819992825
19270120283602555
353076710376084055
2384185791015625
839299365868340224
128003937990532804
621974854545370862
900075328158469679
649723624638385826
948313665653604572
651658933153070205
671547017126338615
322044259210637287
669522141804419112
65342074979774131
130788981333892017
39440417471332086
32190625394813345
178614316177288112
994014980014994001
195450904851605978
58210675366821207
895178459701017323
999395939249909776
636412953539355168
945784755189689355
603025987354220334
493494313947566517
390561469337696946
799491839442026843
236274794778999624
539271863404779379
397329963973969982
858771163258882849
838623466157815242
886966360311116514
569794392509890991
727442714593937491
458305632777725538
511116753300641401
549755813888
102464030591814236
377557895994072882
349295633947086284
536870910
170289976289711265
675556254805111841
185890445283230799
295848792504375560
169264034211933379
123220294607022758
225975637965602227
88617091141250949
951578933457168883
982134461213542729
736107932192803536
571087370649469493
213430465825105303
723823513171574575
523981352773864973
999395939249909776
56248160372357968
110287385579963138
667631528481655709
118976730657618829
217200938292209799
739136460173235324
911602212586539494
115028555232292189
463763937718287411
447428619031827221
562726214933979583
286961751202804594
990747284361103460
806769849355919599
218907482004327657
221632061132576832
315293560965050330
351788604172136998
665349557338224645
833832268242880859
5994884478535733
476154088276819109
936990964719272369
428446135485490432
246443824335821078
995221801649272859
547665412751792672
929960434713132225
896253948264070060
374702121470328432
718937396875674607
111572642519438044
388113891116444622
294088327101324284
443081736853263183
990751347270507747
168377826559400929
874578361650662855
45457988430163681
558599140126027997
365712795039324827
242968205921281177
913371351206498003
509232362531158162
141890780952685189
592830984403853803
892196034398002518
135262723585412730
132803330706544996
914573174757570979
14746581769090939
723542575737622453
404534871580535912
891118896007774692
396504276403837753
285142295583423164
304429763575114489
959957787181679194
132004161932159280
256
23026661953150648
42771526698755312
356900749159023448
197069232644605210
823693482663531164
562949953421309
477699604693651137
416115417591688201
271322260425000060
898960107310985866
900206418357235955
67108864
295159514210550722
498557221375556389
259434017345885039
427715965898833907
584692246229680541
222754371578024376
814556720006414267
451741415924592827
485067628530413941
684303287557732905
679213302905651833
35491718633548767
560011571527452907
855004885603314162
8189
62237549054783615
820857593834065709
794843221609081194
999522379044067921
701357887895154505
288972805414493661
714631982509204033
883284667584322632
303821637832313695
33554428
705060229997588631
883403678894087499
465458039808854327
524468514339685243
299127766509806108
588196695693566206
255553928657719395
114282060914194290
34633081653163760
46186737446371219
279491791368108322
181066003601964350
683544650733850764
264712672704058224
74723010053127884
67459828038932551
647675835809604423
937595763830077751
339901792065277513
1319337920462325
188108734487778569
841895405822320406
663624145004250642
2251799813685248
153695768797105538
67113424499307896
587785518642276277
889386955870742921
877700944871937690
576768184628911810
169154893783541108
274877906944
73088195301465201
272253239975264149
209176750919095462
244244910688547529
61945234370120944
887624670878047833
816221615762226227
851421245212816753
337945217870874508
385926165844894527
134834466856883346
126139624655330606
462144522221334121
854362896122587253
74816144905529630
241718813599989097
291967532225463773
401637068096649996
373737549747943099
923515372255243199
544107373462295336
385105024113002750
326170200017365989
10752931825721244
523291131504557729
475022468171223727
984930291881790849
16677181699666569
185321327801946618
16677181699666569
363124089322898377
539066691114069668
698632184625269075
922901054541935974
50777256227098140
292714952127791831
2251799813685248
910813270691281156
56456554350821329
202091178998672945
62337562716032304
56971060713410162
397275963542376971
115400950312800735
378824400412756869
695926952332066674
799006685782884121
17592186044416
270591668283228482
516776741012801699
540724236387136822
188681004795822554
743367855137801350
624663211187624100
549755813888
408049092018846511
890827213723618506
103853270680338400
213621874761582190
375095905346680498
457886447635215515
912665066708688972
789577370683385382
342587221149519761
902111781215717180
447283498330820289
60604555215406490
698430546362655542
623837107325895485
103131651567808935
46797013940882353
528153654917026112
28177166652102619
504664311941239086
137328288562889098
177357797619911391
920667727441500018
567697330682967998
999775294624544881
147612137491055483
570675777756329392
561623452081267137
911013580084545920
658827197863407797
106116484136310965
839222730830630355
4503599627370496
45140874508048826
576556601109764145
731872056979229735
93746868721933554
150909483733190646
182356844541357580
112410234448002908
851853441283480715
549755813888
670531620633327206
123912606227864483
475667500612172520
323455196049343573
896814747479031535
76252550594029465
190581696476417888
358362294306143959
988059840239808064
841161839326018418
425143167328334611
7550545014384744
741351429012009575
748256427690139996
706034140802777097
769861882560431213
512472444152726366
981546359211316839
721711071005336586
362488036523583455
619384171282313196
474056106334582923
50361087817690455
784083341537307342
567413558331887721
471428013149751400
890160894316584318
709261186964293170
179196199978479293
427079315966756853
453941186190354113
885842336869905725
490764041599452768
398394909721897996
366311093374377591
29676959398122948
980389418077857194
109022005755488989
558419243712236423
999648830835360000
131477344303987788
678329649058716990
664278841054815851
967744351326374576
661005181335321756
516687659886410993
970372509356265625
549755813888
916225814626503076
221835819874186900
209851832718083228
161911855875467265
770113620419205674
511116753300641401
827360486428701514
653173197477195314
5559060566555523
934193880573182911
506378089582364635
78632561918017671
935224318102476293
135351346691443223
832734991484142958
516051599050037754
16556339364288353
882429409495486462
802809963567411213
845893561599281137
695024804875536236
813402665776643096
220391009365167943
8189
743078534573983303
461440265233467026
758627558173887492
420099347623063936
333446650553427361
484452656651196830
522737929554137331
995849059461702007
269142233818716513
288230376151711741
278923733092117247
918775607896916028
378645611170129777
619111399775383184
683714925420190077
348232304331871318
912272569349113896
565776187116130064
13077467294403703
287654327603554147
270834513101747398
849092338582394303
999901770412381456
479249404124771591
68178926152644971
688172024673376121
188766455407656875
633852319079762544
527637341547857007
301357174779603563
580222246057646917
826889724147468094
43907193639683347
994014980014994001
945057439566304107
726477327480085665
245618536887569837
97228320364787723
594175966063104885
490465545401908736
2199023255556
111136031682640265
499386245809428441
661780380341166334
98683339406964728
853355241553353184
689716867561881416
897627735216164041
407034990982076279
644519962156513655
980217480315022107
198337444066003656
6103929442478679
680458204193258225
34656873921715713
803969825620391636
299334993541565621
260869012675695227
594525564884262225
255827842202897839
298567809865534530
351467933208643254
541611922794880789
36028797018963968
20923859959486695
313744876593393618
460506966266916116
748651879510551625
384384743506625730
982134461213542729
534604827513672190
374813367582081024
269752809255424901
317742231426858063
36028797018963968
994014980014994001
417116974407727950
289103767832132278
839299365868340224
163370453124204540
821465684184355736
782625220081128408
144859517648921487
672789515487513324
461786161387972391
74721470438705577
998501218851973261
352056827594133234
196914715905540302
379102770324820228
90502660223817984
740257574173397365
982134461213542729
75767953128370257
17179869184
970372509356265625
161238243686621690
273413546799239102
542081634883397884
713342911662882601
236758342325103383
372070874286016893
414413612766645335
885685081601340020
224827088550870619
125875442452130460
175317986084364997
999775294624544881
154243193596826029
204965641671958805
931972888225729383
340561757326914944
713342911662882601
258507360486632783
77463048683169348
572898597129086873
999648830835360000
810508637814395370
520352818732803875
152448867628080536
747808257862284784
155002949398504214
80062712864875077
949126208619697547
269571411661384960
86219878968309563
550209238519525235
363353149796310580
118333994048229342
793732732163340082
93269312612247165
988059840239808064
456556995061313596
91443301761543354
470663709788500721
676973915261086301
910031600111911424
980764082359063666
104998196792742271
594625410977707750
963809296519432980
46327859455778044
308987338207867210
958289281524843971
24100579857101719
517843279983744703
681542214403638072
93888894520303765
814661962272777585
999711977274434483
836886517294606784
900326049418265341
272575940146760786
33842067419814065
633743989375666691
558545864083284007
777095032639731234
661599385066462238
737983968194489179
357890839549273532
712507797187363530
319904585086727726
684432836371195452
398380678583498467
697246525610947689
36028797018963968
773603484919580049
846885193374789951
979377282807086765
994704807631981008
633778857984648770
839299365868340224
499448110303414202
258515474073730667
616836017108256621
211583954770208854
119561998446962494
5501124251901767
131621703842267136
764610667109328466
19279755788883746
87771024190852868
18684687599366189
790886310474297011
591347443265139588
460796016013722066
821935594386472906
17592186044416
837406921874684381
247056087783845401
308600506216054657
585462827442665420
597603584316820157
297271996933151922
219182976666343373
71279667993544931
779238085834590108
713342911662882601
560241791561045050
590423579795052088
252730169229132899
946183381951273655
998862103031918860
339427125056279858
72057594037927936
286845112491693410
2541865828329
962360106242178418
549755813888
634675074799559
685402374170929808
780209314891114590
725400454586732562
976238723833860096
136118599425637139
686281351951552808
357870060993088445
839299365868340224
881435275738878872
42536139830113591
104306911329323279
454482262132944341
665467916829924217
604661760000000000
260441152348272569
171177859066460862
934598962085260189
936720169436331828
189404005863557649
587510411371859704
900853259105283820
769722941627308529
217437342982157145
113755938779567908
270399655068283302
101209901804046685
529902608622221744
409995810007314913
306767902097462220
72821969514194253
733680526510257461
114775934870966111
559156975641539940
2651698661213939
753101198164619162
908139797005480510
425933464575121808
448311027791600109
392343838285833471
740762408790224558
882728771878245742
435749037924621165
231375287796630291
396271204984253264
545937502955253680
982134461213542729
521387553219844541
16677181699666569
900955419873038653
999775294624544881
748225807777196886
849822219777341413
36028797018963968
246741705152982011
860266067521813279
776198145210847002
713342911662882601
49803930077095384
332098419830120246
239763204196033512
999395939249909776
404813506495995825
392930998313156542
793390692544091887
549755813888
294115788396798535
756225917062280804
531064940509186599
291757893809556556
939127040624408947
181922582398734153
374813367582081024
229277683090150732
196765538535273059
38882470745413717
850548397359629794
519941450107239407
121130733904141441
34145982130524416
56437681413037422
355357843688065365
26641375014705572
942505458732174243
986419376550306450
191934466498684919
50110592201616525
501609660222241773
545446382751257240
481118911197914467
547000631757658898
641501128807217093
55037438062590839
564089460164530194
999395939249909776
880757374422726478
315175822667349399
839299365868340224
682942392814582308
221813955509285996
667412756927691672
637413763867378394
187333839964675912
546735973837904538
390506644675897770
991427010331677435
187499960648120802
180338379699071024
929663031110323821
491424541282930743
568316125301065961
285606604736285972
958477422879343122
982134461213542729
141693388114726285
759317963706088184
442337027108888319
449784328725874368
41866830165457886
128384559490680258
866869809310069150
999395939249909776
121623995324979356
945361180918866836
300950298885818510
581408145196693085
14652084277062559
350889122045377565
292049864651052087
178365117262610904
31309478942674512
136606303171713349
929119626965583449
699936201939090911
54801652792933342
973867449639966452
71671851335533684
239592121156435689
436460119161172401
143090096114058114
245358212066890768
863795847843425357
558660999227043688
262659590751350320
371622585860447806
675500978412379894
230588112778855989
518942169130277260
829485281317276804
42838179021173137
83898478056343936
60887441642252448
982134461213542729
661593689425998143
802208103023955686
274877906944
70368744177665
451481883258653816
849883468244008347
956853989421202877
836045837803907567
784910485334377620
201324648013991741
821145454522926374
594961221338688273
549476933306076284
403682181739265731
283684061070062790
982134461213542729
210711505990883551
639186398281632319
913764147432311205
76479978887796595
540929785516130469
120796073345384560
619148872863028363
741145692975989234
848692178969214190
155336504757371750
41789229141612273
260072592064048074
208008234021529650
38409775217198561
286245851316552894
447139044522361410
353800416547848193
617427772440538498
650106464802071513
32701045512106779
244796411449869012
687778711225356774
19001198969838692
725746136800694175
458966658590581137
221328707270765689
95578919279757326
276610273511426331
589734935326777122
429102988324903016
129599095855301424
39456330430907552
141723645869994205
990753829933200157
812850486317591303
34920608732948630
926235422040034564
116732309848628280
999522379044067921
512389632640740598
124399681491811510
777782527305839790
147892181712519974
512602558682696911
15762401615616787
100335014737682578
457969708709857708
596767270520161192
41072399529276619
429293969389376676
191848697553447049
75993637328818435
364813337171302711
36028797018963968
357601160095610956
73183778000933990
437305118327330965
953429256471430718
780370378098655799
252912827911717036
891011107561055807
659888067600140438
998862996540650145
216664752452139466
269567028271060708
353366647818050748
660522890506880771
399236232244766418
90180666105471339
408551045571965519
418172433247662115
374813367582081024
906225824426905278
126723900646664943
324527741029895835
698993722967887595
536489780664142332
965355311742061060
63045822813329313
2541865828329
960515128535482382
266340772493403270
675705584565858367
497819537186133050
881948025829281642
153485897476428422
792924289318453508
490347672508270887
956838081854597481
426397752113380546
362339638084690735
969211773755924932
690191399298904308
291235355599916820
878269297550742298
949985817826235116
497896530866686649
422178688285259435
2541865828329
614866378896937676
269651461232770467
24742254792110886
501177168700699942
41270844957321733
97851750646719127
64074953830471095
225276197508630864
2541865828329
173581604856120558
661811479242158533
755274018345995991
841470191981730227
15616477878317288
824152666684087536
588857198967216950
410264295336025336
33068595483940317
671649611655638577
645363901192132292
255864321728019710
88033452765922429
335388030545711054
661880010477275953
870709262772059238
891123961741066217
185085445099789393
254831065703593117
184674218308677469
230507766433606808
392581161570906456
816816787749585080
127109838656269391
535115715310539289
993928225497402957
411495049668378474
999648830835360000
102976441804585190
451917017249854672
670407964848218836
821711240205203501
997523614784330727
51907753087535174
354661070357008036
827063662517399018
776695180258117634
131070457729011171
751310314332002557
258600428628605760
721996927168703576
807307799824055509
901906803540887947
981652269494173903
976238723833860096
984930291881790849
374813367582081024
402818559363113102
63934251912266414
370183523102711775
72057594037927936
865994038690443096
537649097690094774
126558761303538775
599051611466538499
2199023255554
123318640269102689
11552697886766133
136086608710803182
20877044540802357
825087765097001223
982134461213542729
313529605105564512
648653006339157786
78493801602584240
997532189340941593
515217917041846250
148667472413162864
147379840230835492
215795231906952997
483581154966079947
654834685839638287
352264994208326364
589038646425447936
49610166183094619
5559060566555523
799873318838020286
742664749696641807
694949030128189570
10741811635031560
945806564274256363
541806335165499948
114269464803031736
16677181699666569
489595157650692829
485955445642016734
944773481930331733
32772
104868876388709152
988059840239808064
995178162117755713
980525113792488985
8188
693210501241725192
641724551695266605
190783432723167175
820287778760494522
527315508357361778
890313742582991416
418244270522091758
531466074195359823
773814832288594160
939267840802782626
877575736471779429
160811281932695855
878782742760903091
604661760000000000
595528095697368727
687897934902350314
965140125534106547
902354648046312859
973228428726220096
106813822632162497
728558322084137673
70952694844805002
349749373825849827
490018656326809354
332975456205505572
673945071318223336
396465817912289800
716608277331812271
306394218352660268
809136757403536541
847076400804740741
868516843262125863
270587211167505793
475192853194684874
893348773957022092
126560426078116042
669888426998448779
133669577031263517
914420556102004667
832371386244735305
2384185791015625
272152372139332793
205572981073590085
51457672849629122
538384047790942135
799377262234746954
374090650629572750
984930291881790849
404868107032332456
275375235444691443
735717936617170489
450733808769725398
792424183929520623
306092593035367724
42967307398292597
609123852219302209
862623448256614586
273790555629873227
214780543490316715
195308318624949263
474226678265103532
231735959985937209
65873796941307513
497047713530119463
79782394456588017
467681805526937454
201814826188545297
234179860942847971
120615883550745333
899014877836036475
82424746753462801
287201266544095363
590468339375150677
635639603297877663
250595792693803892
427665770065253981
596781022046801986
875458703792244530
727702578619488839
879249181576188450
90479414674983460
800681416867380452
909883068772159619
214575376760989372
762201643744542620
306631858923170773
797313261879300752
511116753300641401
603916688899296785
731006830922437046
556282298557105877
778241502384074925
305231619418289331
916459422041218724
82189826296452597
623892679189112168
149163126499898602
272727598382818331
561357473798654550
546722150832423629
741631751562215966
839903672488937073
201146988430307256
133131574675809733
573194535716245999
350175380448598926
458180338372015458
999395939249909776
549755813888
457100571362802466
101372765783829382
323362445094394215
374813367582081024
70368744177664
607906014354707539
801896767950667233
499734659015205898
17179869184
724776154378724346
984962015931027341
751859844262292407
366206758394697256
532863357015916937
368895692856456477
994343332754317067
683533458019071768
341367378759431417
486227604116375472
7553400071634738
544077527685511176
250699857233074354
968061721538777590
727870322647895959
2541865828329
49002673119463766
440102931163250903
810305652361713113
402623607433165701
273502499668702481
84881304915485556
690524785644153129
364836923065707546
774114253469060174
704635017106164403
481110112423310117
67108864
608246264730157485
949803472740546829
33627682878217927
885297893860531321
437626373124217179
382314610477663195
168657145098590750
999564110558172635
756627106554091972
370996140517143044
237075937280816162
20208512611992780
122085488955034501
154063473284512768
16815003650625083
102002007134411461
715237396651362511
901633903051386151
558545864083284007
196311489802853405
904618304502398531
612051685469749858
330546871217787525
2541865828329
975311685722450448
673172230311520807
449990137738410372
418771167764904529
190865559047736478
926581034173801935
243171397524576826
661490389116631294
23130111260797069
999648830835360000
59368553307545668
604018027387127354
380899065008607757
679650101099210290
16677181699666569
284659180776931421
672801965445193607
21358428059399811
228697733481980809
839299365868340224
36280534767331737
31169637091070552
38862266287559059
433443739899980938
566713201505983092
251260578679825505
78133957909739099
919114000225432674
46769549673082553
552395344637639044
70368744177664
469687812450489538
8810044639212695
361732570722463914
67108864
939322888034375001
963897064176548982
393066480638548779
865920351301467663
833103206003597326
2384185791015625
541605782186253184
605491357644826698
869368355103277316
833343631253302856
947383852400281232
422994618228746315
4503599627370496
726678289012974290
57333850485392195
664485463163817336
349632438892633764
196038067249979189
187820722781063809
769235567894653300
192150021905349974
83999577000959394
253880235099785121
332537063964467052
432193977610212840
920799302142827135
664903252621956782
668111640454128897
958084123705892305
819410838674367654
220836956213634925
36028797018963968
511116753300641401
999522379044067921
340862836322019984
17179869184
258915671073836696
377328762544132783
126165118588703373
700530175186073248
335096172259286230
406799818747784657
255623495509157054
151246840468535369
591635744583063219
196987650871296988
215448084927252433
573280947272962600
816521925659884400
379817580588661849
860955218504750313
236513091312334356
198320898105765219
712342780685034071
312928209673508530
567063855337871165
722177950071975998
138599839071470142
19946677726710352
376050601195715395
232436738919868903
852386592595102269
654087730328505912
922162642913753431
828094639730766521
859512660777560766
673695346968007620
307424320699542240
558545864083284007
40595128163223080
385683465252715995
206636706413738933
821331159361190375
213476078233157915
8235008997597428
168377826559400929
87367942957634126
695543521171137023
233052426387092641
17179869183
467386130216414475
699774991632027909
120988491944534305
469228918112745276
105633295680334912
730325208944244884
332349283121889796
643532017873931615
109819514021585820
812204176145696075
999648830835360000
981686638997957078
113016070445910278
549755813888
731759521657959692
406397512753820626
337004670251402456
706189048457070894
795218890685351736
17058389627389060
986863060884930641
66326036092339041
57459589859298552
985751547052648219
981890978928838601
31946374838040613
275466755583875946
999901770412381456
682881712839248112
334528086255549922
999522379044067921
423767871487126247
122592103025742767
934440164784500025
38362180019875793
162800522622414005
401170653813185061
916599632441815129
715649167993735517
424075426595095160
415055072814727168
720098071276270505
905297382071083781
346960345963421993
86931826161081189
576460752303423488
524267699230235567
684962207267582109
260259851116246016
690235724690806566
609229079012869300
368347312925502017
429951625517315002
566343392965114346
711574849253032076
66408778546129216
137054475246216883
140749003551441535
127593368282534889
417199063444523780
3
892497477876160334
127285810677962327
256241725987299063
435843037812330387
29234795835236597
16485348451049554
512329206932502197
71726509076498193
216702214960552358
366509000590093447
70368744177664
291895561826575782
141030929979456967
909552005811079303
500546544645951691
974261151333126291
405145944472882170
268621118593823378
511116753300641401
251800757546340399
923615340043117734
685684367761935360
56734836562365573
74800512695307818
319203334026414587
418251334639036346
8388604
440419778311120549
818536738222288937
801623703315110510
2541865828329
954317785902348166
648007828693925441
311268707194247943
176123304929357254
60692956971143238
929282232759860281
959065413098095265
213425719699404150
437790808364520253
575518930223694971
688460761479715824
44896104279725979
560303653907547164
353848796812096421
770882846930424793
304412095168117093
428707233917012170
447370882163271601
201714164354435509
240342330924233221
965066936698726759
851793684892467630
761936054755089861
277656267876158346
242092943514398683
437132142048560020
81407568911319847
414011880946970859
212336101151594398
677439226640871827
534496241716444925
115325483414835034
558545864083284007
46428297419784892
135972540041299957
212113690297177886
817508910965634562
746738395356073733
269775080479033138
2384185791015625
486227455519075898
938735119914844375
751893545099773737
609124934109652957
707406888965831578
970154037840135379
892918516319614316
620515425958849048
5559060566555523
938474127376730351
393839299281764464
407676537959339680
887141835001618398
86513867889606205
407916327783762209
549755813888
536870911
531925460247881341
271195276985897628
738166653031061104
439737714206099872
162702721932285628
396626354662281619
239984198003708552
17592186044416
366604924186768574
4736007669828789
59577828294269637
193330241204953342
926875804769020249
185482471474584978
617856636015743063
704049522454739007
84757734935600828
999522379044067921
658730200264648414
386934731695090776
268863059120406865
17592186044416
644080741073097554
487204642543469135
990541225397243887
81961279674652523
983907542370614668
838366229129159463
740054706372389462
527640339934990013
431193082521308859
591156308811839461
48926179315147557
891243067842401762
978501153794298550
443140837485501666
552865523509284663
624882162360439289
919813633005549118
200552634554552270
53546590816707657
821574263839762925
80263036456737012
8234087860252817
914966983618370357
610009464970589746
211736086279003311
744933934875967820
125865604964511273
884564350874083875
221982342044468272
419034691683546541
695248385419942287
867051563274144424
904002397061059917
565159208067318798
382102042776906814
336495469464768111
831309946475599671
713342911662882601
590752796986480117
357949942723620449
254687521306878862
80210727429508725
100219845207357783
178515694830632295
997026351327663435
42552245237125419
293314623331134209
289679026594934943
16728118272571973
999522379044067921
886117169781514588
823188426199727859
636399821038301667
916064380669699429
156354821793313944
374813367582081024
938387920522444120
429080740687096217
840351215729868574
261059592769839532
994536214470418441
457506598073804923
861272662642924941
2251799813685252
595337598239055767
991435091622946917
67108864
394380359751558466
144985053968819051
609116228199497934
917480442115395870
135686984715413462
225019197526598779
872939519129840710
631000181888465168
370092382243371196
655823570125377184
58409355995833925
829445449603226251
794478555568532814
226338403005402891
216598221824150651
809474714597850103
246561075034266571
976238723833860096
403860462516948857
929788725611971972
99966327818698122
8589934590
243643746341970101
340414586278977947
999648830835360000
4952162710952610
155930743428441113
45421651885882587
227581933790177227
580167672723350178
86548518990733251
131968231651612020
492624802461437013
453660215090729398
736092323591633710
998793780318432205
931389736773528458
204295711611814383
622755971639853287
970372509356265625
702867518308239497
149923745810787910
977725238054091879
606504251828547029
43102630314547204
910242636359705634
974496666432629654
435652238439416858
17592186044416
135890230452675307
291769842317352540
13657821990444536
472583046020598851
237533761807989880
8822996795737818
237974264740980128
485848938821338271
115118244303283084
1223561423276223
526611765648099193
207895492549646214
72057594037927936
837293017351223850
547315495994716707
701433060390306673
994014980014994001
673378376851497677
446681718275667462
981970420631615814
221262252039949292
316717256560049351
579178217656370514
80540073505127406
174937628386169972
620699942136652689
69833927140594799
272463470290366602
597458081015785976
214935015777781120
376753122551204294
140058476777450953
969955905904282538
233495712320746056
353524539782499828
301843681883192523
867474037836835513
378295422176525375
811683014771530541
641523167502669888
353832186585312053
813778372016305829
916638640030363095
370641434457120016
44879415788126686
897512520064653266
750226601841525905
257884357830793876
504028290294167237
908057825817503549
539770761815949253
357607028116345042
971221825816650408
275049683608993600
53758549899895202
906668292800680852
17592186044416
474487275498941378
497876133764161113
886215949309830992
16383
424926343248661163
744528909790534904
750873226632237865
4503599627370496
882811639419480948
894512231387440504
491429376131104659
839299365868340224
5667577970274420
506787093919404610
864157483697661930
4503599627370496
413813053539994914
660941805308100597
786358031177414930
415376494729993857
754026829139486792
185947800971332745
398846811368739207
136072974612258016
93666863000774837
890049817619290382
462024804606108319
17179869184
318287314527869232
455799031870428996
85170692517924673
931904769242334367
192693793626711291
999901770412381456
788014945045588967
262306613787559685
424644420683946606
151179616691998131
564677293748924447
783139126831746017
893130907045607791
582042589645304964
444942473653666859
397695643070162242
544546024086340528
999775294624544881
999648830835360000
984930291881790849
121870093352164632
38007022577917227
691860863256410796
860599277092672372
227132622000032711
299821985420843528
194735788557686970
544612181323781564
50546266549815149
609551906468843997
199019364588908147
784406531374445953
558545864083284007
230501824687429284
185979460448108278
387809588389588636
762183399015849790
530085189881359669
214869313046130365
130651747554217588
867959456034981289
875191007301217270
651938578900763991
653039090324632577
84890935881383027
28122362658867992
66134485394176772
188566118238249186
648748427339580916
209418362431096068
625066635962182427
626909717283461362
91380610845824533
659867308635489824
324211318660506247
75894866983883046
137170683237323342
537051311213067534
715896291156389877
757942619895894247
598966454459085556
476859420090415670
971885308611621911
571846864146915798
440040977946780146
656686695367450509
112872375425999484
155832670751739625
503446047150602943
691443108212871719
403717540788826011
783345648535922226
408310998606425012
528525726047684545
82879181882688093
925364438003353199
67108864
844617556619065652
925227507833201635
646022080132403579
971810971651184505
107367691577155761
803978931899600605
332584418071247547
475933330642593707
638704844054448854
587108380883038313
89867716867475240
804560598918548444
342978666891335126
365930656810047232
511116753300641401
59250371063647108
770528497043235349
851301643551171579
39911268277926522
825910868426973322
179555798587621887
2251799813685248
97844242507617783
403204898614945553
765575246595611240
424834255518645889
82592553928158840
699420076301446342
390029813064560916
799006685782884121
462222765331264415
127405313482187154
143613722579390168
925779779860336332
465454744450688667
334004074342655950
741542960391765478
497824804353240742
809785122468022997
262796535671825081
752856224807623389
50633403948393499
764599157007197674
49599047942641835
162946943690904556
215043149788986955
380463221647167246
970372509356265625
799006685782884121
907446365657972199
999775294624544881
77846414755837596
244522395801783799
393113077849249293
75925636870337364
782020275618464875
31064001415714298
681892168721558384
223256384454276935
395016152339093729
904852886187309038
923798078537843957
958979017839061791
618700491120538598
999648830835360000
138303308613815228
841921302495797260
222411176072681259
723546537217088619
943613106724199031
754025949481396598
999648830835360000
114433264070346291
452181787877781005
988059840239808064
525840053377493066
275635176365168523
333719505718109599
680365431951897098
996903871771837371
85381729912041581
70368744177664
133507567701930387
516073933094388604
296885274829104049
53647711996978603
285204421130557298
626852717965439749
766781681627739469
78572427564742189
901088629752324310
148679518608773179
518293737530219545
807723717384542795
610787031510343006
739313276437392138
303597135828693176
966330063123503741
470909606729805372
290638833801573775
332391469168950504
970372509356265625
360601468288431831
490689487183926140
502036200087731528
195021866672688647
44021381432249496
53580300564486896
292812737962926203
125491700742622402
399599577998116637
614937185474483098
997110929592776421
2384185791015625
17592186044416
294217812870522725
948457911590073017
154974203383122312
421168444128522719
424451654625059438
584497662427990111
851883881827159852
982134461213542729
988059840239808064
675791891599056445
649895640994273139
113134648742935022
142946864631834421
55129428356947188
480134677749656444
381094473264025844
525550947749045044
13183270409698997
205267794569905658
324735884783919752
405692841892186530
970372509356265625
516355762838787082
539257213104313586
119832857123242143
988059840239808064
494040876260074533
567104118169411369
92684808905211979
116502886366756069
505820549442037724
294162365119486668
713342911662882601
144688266271787794
100650790403277165
345828664563528460
995324872074638047
929554833032888000
374813367582081024
815485032433669458
777935790047367065
822496969049890224
988059840239808064
661149441122541829
374813367582081024
70393519377772728
916726003745975885
2251799813685248
247637475002683305
799006685782884121
161991185319474658
675226918388718843
170786891537803360
136945552397315652
486335208901509084
476579098289092052
545035145081797005
322710138316755808
72057594037927936
44652642682268092
999395939249909776
722289168078361197
471784660888140208
263107102323794513
651739728585208911
830840425139674411
960899571506568539
254312651873929866
826344702592922714
80605961521703026
309490473530800961
942594228485144641
960979188485949396
237281278837389995
490446547048532497
950345516117672725
247118597954076381
794661930036280324
346545682455503765
659172378879685517
277001820804434670
538475902540240614
651817461587112404
273892264338380220
772958441797451925
274770748056414139
341924954588512750
999775294624544881
982600446526420300
225878383400537376
76099074539221764
860990337065055960
75481316460699842
93096279081912189
466219993933698500
251264809577690661
4503599627370496
118859203104991436
972755665837890840
842037882533570760
571328816616769299
511116753300641401
2541865828329
221509184377211887
983320703648975694
531817555098699054
796109014434082753
9204425703059260
88250105411365408
673277551696252632
6409288654625398
917918204722377694
267514185861612915
273688782030228811
911825850485950925
149529642053729597
532433801716740507
53188810223496432
153707375911000584
70368744177664
1125899906842622
648269934816910438
596891584389511751
72057594037927936
54503808810939530
7576982796512277
892491507676593120
287547680866891394
546254062491790735
454228226872327669
206634446047424788
137608806057135501
999395939249909776
582263361353725718
450342738865033021
847260823392450598
331876769212447073
984951837966847288
841345232659610943
533169908603033068
160323365523057316
151583274246945076
133281581462590357
72286830227028094
128
695459602761102648
12123975227260311
2541865828329
982134461213542729
750975407467204070
158357313778911219
892854632079571828
176560372738516449
999648830835360000
970372509356265625
957628611356424246
174761350859703697
744217047562698749
654254084213042124
2384185791015625
828965689232389281
282149648169725094
899500661190203674
3106755657693347
83990063463190319
823388412063865752
16677181699666569
515099620118611116
993774926193779435
42053289774785227
29590532516184719
884033390994949923
783635058899333112
674781253038443288
797577925612703422
151093803896500703
746330407845468108
415777280131587757
23320479713422696
12617309424342944
138047764211850999
813350527040092716
593006532819876893
717575799176023615
573495822757214904
665360293927816131
984930291881790849
962047755492207850
589640954833388393
581959144508097501
155303336191088120
952207192500510018
373417870527394489
214489480432108767
121576408913552679
2251799813685248
159021051316745416
651667878406157162
970372509356265625
420487152863027699
289267755280672583
148271523934393830
98196220545036317
590689233724007194
111739209044331035
521550524170065028
69643324209531830
16042351498104719
708581606323568488
713197943982344562
182257210362558841
57399406515026617
124683092353035029
518949104317415874
361283636916926031
460793947024558481
430961046645289679
984081027610999715
255281007827890352
86319890482074605
786155699890642561
965952895763351252
465887628605258285
304509121396540214
666816944575580178
363500272977241816
109896811311584516
224903454022378141
762512923012225898
512567552906489596
215308924539053711
92054141673160585
205289528257312481
582382214110766674
783758331083388285
681697781285792154
298558549448571320
137374713544861048
352939379013221103
696141299486749128
246451156373411341
33257760679933487
892536508570755475
993667968411888675
50116703213658169
479848256818992408
274877906944
151183896833035683
735626671767158197
603159256682115282
463282914464852043
26055767802715569
418052876185159273
508116843687860677
822919177290864689
486096670601549235
999648830835360000
340854765711852065
101496991952738594
471720976383865163
881329578769257235
684810578157870670
982134461213542729
891714909593374176
228756676652216596
122941494074152117
823557796831613781
185540584180308585
497357197618814500
133979094288993779
718048464431569966
886500384160233664
180279844060478450
987726099651200061
57909890922149299
683416131174538316
900878480227274343
141276400670835758
513165573365361811
817279729371974149
974743141469371300
801467291441667008
644000334655864815
809622462716365308
839299365868340224
487147859905711052
130202030577082485
359007071129793775
281229699733452707
591992484616464057
5
903129132814341760
2721461132819454
780192589459599600
692413787974895380
348100173722008710
13539404121695935
881912007946551399
454410204906789059
964395605140563449
28651373566023575
790113069771464183
401645424323657590
782387909624685632
997010371080773798
855255730449974170
915148835090871716
155195806130191046
997722021952165333
615336921778237020
67108864
321162774232297257
801846646115646619
24181014924835896
34371758025783138
132551921165420639
935651837105679696
348511736269680077
957905750507688641
604661760000000000
76190714477552036
395662830912374035
708690841166896445
970372509356265625
780101857829983727
77366356365604578
932065700526849121
656671517463079860
379811486126569273
304829919145527714
80040793443206771
880133075442138072
879401614273939019
384526044835734915
2384185791015625
999522379044067921
517053890096440419
81312449224176879
701525836750393814
36028797018963968
160750738054112787
680445213602681930
676684314400475952
358180144913411227
37304239791481041
716713686437913143
37788419738124053
356617734475295163
962140259064040527
537217355947593444
17592186044416
293240497388963984
234665600446755612
197067964244679924
465071147745135985
267111013787104443
33767452856311985
21797672876236948
655032433901277056
679272892532931491
981179479627027188
3297594538573925
35184372088830
794763955258899520
369974969096919503
695747885360788631
6113609875094502
638985405175433321
393946589323634528
944478655981991827
487148524752767503
893139354967458697
549755813888
615421051879339455
834325179031372626
123529773828154005
168076452602025944
157673978432708029
558212938314503889
10687991849393566
205171570007918679
498871249755144181
289195294986331450
411895325458582941
743395345832692582
608144258875506268
5962056911438254
90370517435010496
250801680299392123
58662427667492302
764995132316070110
277888997528034274
304630187844884807
256231443003008120
604661760000000000
903556548568270696
487191237530481242
835723400488278835
400861807668675911
657000911055044994
281365397416089901
56594086073899912
509096121243266640
4503599627370496
466497879366439334
865633590222435062
414134511793779124
999395939249909776
181053456408953319
2384185791015625
832443060121947796
123129771499037649
151829213416341919
511888812865245212
100161240437769686
836317071295344321
89515933103528686
999648830835360000
401444925875882484
45948329925930262
418068447622969676
633373877225242312
498962652794347589
16677181699666569
260
508930256652908163
295161962758123385
902024973704994071
718230496997470246
416529705590597975
999522379044067921
995111831101099754
999510357854427650
696531054224040309
837616986119814754
769819531093083756
916570158261964028
876162081345530692
819811284949636639
287340030029088858
999901770412381456
565959064176727395
930964524407498279
722881530333277382
788977088163276727
799006685782884121
879424900477186058
428613337606724718
759987895986471182
374237577565822406
722102132124132873
662598075418428204
856057703868852006
24514422359372505
93776846049418618
817837439800118830
232610375254079404
206543653323871710
936226078496988487
818510033616321814
716576401148707522
716775468022984451
60439125112348136
348806007711211795
869012163739908574
475962291620550778
876366001786219187
254
47491219526529426
925782196637441874
121507232498872409
576345700407040037
635151004618059548
90712297394192826
257168567007464954
671716861389039625
437034782463339278
807030397123039092
984930291881790849
217485207722325722
741798037337722536
619825914884656128
38304939536471702
135517686998388681
384969496941385223
844072974846364332
619975980124035313
816519412921679933
144300431653244751
627917669526983305
256927811643712231
348596214579447709
302595998973164077
348397065669508151
799241853660831071
913281378266232771
876523606110591227
673900848328331639
528998041620083467
14511019547853678
679505205890428664
626500683399384807
389760623157149963
41797853362098239
716909011035546235
16677181699666569
881637559509292557
831787463001359885
82769554002602750
813105975515192996
291223225473393403
64680005313211799
688500383847293712
89696489076155216
919985535904426684
326788499353375415
658410381653464562
537295792106391046
314401908680561263
5712718452228764
559497304937857585
384944588191640876
494258187863044293
2541865828329
129992488618891025
423480048109232371
15391766926020320
17179869184
509198498793187048
735452239984323524
199185814286935917
429750021646096289
466122044120999269
257093211674384957
27980523990669141
72057594037927936
962155172020123817
507556954929052248
874523228668878264
64866926861252192
46794266800154670
818439906441301228
230777735246326599
832375697407336667
87063902410595969
62554597688386657
104468951030522657
999775294624544881
496721146218100451
216409159059178783
374813367582081024
247691962331415993
36028797018963968
922844392275588327
984930291881790849
863559085407218812
685656035741907141
799006685782884121
779400872046150248
955788691198399052
420713764542956509
105862719713621857
957203954147186646
23011609333349010
894618442635687187
262568662482739372
106538204777997223
949391169126976124
357850018786005473
123837308595750671
639383814356329891
566416829801490803
315946552254067357
935311007239007020
920124426897386963
549203003013857560
591473266023682297
984930291881790849
161880648381869909
811996930892381281
220391739677088020
659705564382340945
822641852730306379
904055292240345384
847734795029412055
520419022662138522
9414670791837
406031218773927636
789953689331072896
351705305736933635
328207651530733505
324532684995958421
597792571187937240
64004597143729398
873371191317464079
558545864083284007
785001175009017177
255030419216753370
695945666214860402
72057594037927936
391147364358143520
605664040743098703
80041198406675863
31758011531927311
543832965978896862
775321650545477764
429370926458219111
976238723833860096
21594507279354491
631651225882669851
996068772716871627
663362988871762719
982738812083842071
146057315555896644
110262470940656354
337226485813562711
861439146532031586
622888465931132317
909067735191636627
343097924759407540
96588647534594940
95392624689691735
558545864083284007
518695209890156334
361065604585224981
17592186044416
351272031540386953
24595985490357205
791210810692357910
346564033602953359
32877757128376020
72607892924290721
882203153640545694
231786558362042645
433433868970210650
322734431013193410
50873097663786589
784148732971496916
162093306503225547
277953860409108041
31368196974930747
951911671453327557
677185052938818632
14240703899877420
937825837910548568
36028797018963968
180817590874559616
908829962245538317
159881139937905509
675551512722189808
182675641683249243
870124145579924195
92451074533821512
897178669882269491
561374699931216065
233623379380219014
530662543093540130
24177657944257551
294772460868477194
490057306392664614
566686902612367836
149132145775917573
354606973191904630
15899185783052643
484641773477289965
447477378302725732
103164165968227678
634737297808421230
990524329753903021
240137282420326972
855572499059868016
180615729490803685
999775294624544881
389796995038865397
775451582707805333
893234525491241978
72253075906127210
862415036308751351
271175332739789862
314186558425716499
229906843127977271
123847689688624186
391151871813869153
682597722158609563
931024626563326491
535593301295409559
553185459969332385
831108610251943527
760260315366415927
916920888440145468
107263714465243538
748178550708557623
765080112075689273
107884375718760083
731214670942614048
807342462058890470
685572936169153860
864672882071327036
992913234420454761
663157820371586721
683346989426691588
588964199926398620
79837325734611996
646923647272881618
403982971472236901
723863326916225254
994014980014994001
829168447221636631
39723719795071875
982939779485422665
451680689576419740
582164368288640162
58424255571495442
246262759401613213
271390806259629113
642388885770922201
766372776749428015
455838674279230339
4503599627370494
839878261464433759
703535847108343380
11839583080794498
859231525006519844
827370894424445592
206854123489425935
501596396294856418
399832608565742803
475612540010645688
305196685869759906
2541865828329
339619558182174076
269839956188782116
67108864
442161483484527124
5559060566555523
705508332764478534
374813367582081024
66002940988801775
5272308189280696
17240400830963444
494055432097239718
927750695004866652
125936005600677203
574510714703581880
965905501651876340
654829734361800897
393851916554969737
778269087144781841
585095781564882195
770141077375579383
138309988183654865
976238723833860096
558545864083284007
920993024534380167
620853891563062917
423007712617196675
378758365694197685
942134218791692983
597276370901970261
882579646618830098
997260317156391177
584887566784624513
380291994276537695
650174916297724008
442546269248102859
78671810120533380
402218350568492884
17179869184
105185758929101798
28319226418362040
444013354899095125
319294345952822762
88714036579621583
808907068721111029
5559060566555523
320093686637193615
939258577216259352
794988146992195492
662023076338851951
118579137817477472
874399989401702910
976238723833860096
39074248956560274
39648680424378056
345687160227255261
89627465925932364
795856056692890407
563930833348789548
934733409616002659
558545864083284007
393917222633325591
723872360967789101
604661760000000000
778425524948646640
185275541513043330
666147394198181115
816303011774797684
943715167760019467
807618032866994145
880984635127828278
817303191877015446
889491214207730697
4503599627370496
597604887853786072
970372509356265625
404868394147015447
236909514462486175
514067118963990709
298832704684415754
945153386023148447
479629528169281175
358973885694928184
454432906225933298
28240262655692351
50088985825097506
287691341692940945
518510283957233938
129512281106042153
713342911662882601
999395939249909776
994014980014994001
78781510524663035
860267171026768097
194477517155071896
379682849664477478
788202141529322471
158102173216425389
13007863804955670
724391639632476651
316023125721844364
358537327494286053
888395030020567875
197587383223697999
168377826559400929
487299851103851431
880679840758982733
314001104560729715
994217069143144897
981007824581506157
185158371079301275
31465512633932805
550861619295767953
750299880897221773
527846674732184528
812233873446767342
696129341046689355
75105706783411442
728416256777345817
186171624904531279
986403175405684422
17592186044416
262198775348818399
312716052476798678
832003245647893353
17592186044416
131621703842267136
210775847081668005
892799815060206182
202593768945548712
719483676467631602
820489074230618475
807409159253566500
125294965240010681
102789898389943255
899451617202844688
89422016452881219
65845180030039077
30459798918599443
251842685602236852
22559626672888819
833423066590672964
362015985977819402
2384185791015625
57262461696543900
877759380029745861
653942695554309303
934904165536300841
72057594037927936
684416884429014218
223526640578836465
835754623727800524
970372509356265625
504196369374339275
710229381492291104
442244509134635220
80024267399490911
82719088750955662
638473600704678972
62062672500987180
704014189559154285
555618448235140579
814223386848735829
924724997549753898
863409432445504948
344662425925705309
552729590500946220
576766098816716048
485460100156613932
220470439637850282
909026096218428567
111382722131703294
768408098673140141
864570610191280617
906483926242175433
897559250176290634
999901770412381456
765566266475362565
432679421814816807
142599724141832245
335949083903489274
614916897161719466
968624809694685522
287529694126535448
931538025952030359
535772750790755723
484636377031289065
999648830835360000
601611808666800861
604661760000000000
169363336279466871
87466062233386994
500735401588457468
454114692793110055
159000578593480970
524156579408359298
999775294624544881
839299365868340224
933438310773906128
716420990900911330
394920861070080157
604661760000000000
544842440390007917
379493548575490895
70368744177664
144725081153583568
680766428394918728
984930291881790849
553548245622621170
984109643024502603
59281058914406030
255617232457295433
31901672883305374
270304721667115611
658890869166772082
28509910162728044
274877906944
665685005164111444
280784700252277251
683621722755190648
341923923639440355
493739802805469162
110796339512001281
273727005944946057
728095238426947347
135091363937498738
616089861263606341
272654020384925209
949964669798256380
756417708653816366
273687512757051701
138809614759228402
263173453480572309
988059840239808064
966654022058121987
876753319482003937
527014317053892536
244011939995658174
713204300351171861
766761933747510903
267428842969099158
270213520134483299
228971808453089038
94464478434466204
405623540116978122
4503599627370496
156406146438605339
45629536505201921
154165960149523593
130801243983598374
293828190761007524
269417825692857429
79657480755576945
529183098033298196
158260451998370580
274478336661737000
998100448850387890
502370340554280590
213999049885709888
156843846575471090
37798903206987444
255895742781992682
602178284203787298
497415623369675162
868624837809908759
511044729350975249
703284829701980136
256434585090003267
16677181699666569
899729952923796404
866072146031781796
604661760000000000
17179869184
27743887916139449
970452761004509716
979227036451058112
735723350010527614
370310788762855491
656298216045099283
825901648690709606
374813367582081024
1466474777320447
219280959648110598
981475966010856050
260085005584001159
489320380143741911
340289761753045990
743467348030726606
422836578142842329
959342858479797993
814668734286265540
497356748805085850
138220860983574060
989478068614893030
614064457841132382
612702700337686204
156793346482727968
6626680194139062
116385549863041934
5717423623991780
832620276284873701
515270356447387058
1187654101201539
34923893485849085
19814828691031067
493445952401555937
145734875267987364
897006179504672492
300950507407482042
122282885711358475
853984548690668748
22932802204992211
383509122209931475
514592911233171624
85624550971151544
473235700257986912
995388682191674405
277955703235490521
352468747136365889
334300595666446461
17179869184
743088139057667916
280083612388775319
114252036688132225
862903277393949996
860749194408052458
504640610891775779
804897163298837164
906208843230528944
596633316205087956
901444031381519747
111536098951258967
178906442407609159
327712367615034808
980684698908933665
181832268561295352
948909359408047190
737857989550483585
616899487276908531
982134461213542729
713241390191944062
213709765660376595
611449843644609748
290399927176187975
759681298325619952
73976166800732562
921656690593374249
564941174113528150
63905098634357579
465161986017030115
389802070654904099
700751645659546220
850752391525728959
558545864083284007
638971039966490923
661347373546193721
657382317201439668
273214822517135807
969491220914296743
61029912211617189
984930291881790849
518020953943464329
920471231482115640
894310203710113232
914377753673444913
240737136543038351
999734941225880135
97720028097007978
562751194092110473
997821851550848751
412506943001354955
279473236763760732
417798152239406538
48220041519342627
124014938905571685
448643803098680572
681914693065984717
2384185791015625
589124700038392298
910462588284838540
577816443402692089
788123525226357437
314326966272127317
496233786538712874
744644125690850686
405542765298327538
753315709044653838
958772436936153848
800073372887114180
297413229703575251
870363613054286972
34733780775002021
70160794041714026
174277464535165566
202071603301602622
174239777759209810
318047262967835811
657947000876527525
753588855639869062
269644343257343405
639676922145009108
343585894678486319
561038789319352307
51418370710725792
4503599627370496
362919201671195708
87000677003788981
984536767347943553
428721335547478634
112541297891395451
783639325686358636
996549373087032409
149059094380813359
817062413850639319
988054393360221256
374590943747202801
741020725813980612
758129084569909357
484961578583760761
326920539937296320
903176465953421147
3522406319545839
16677181699666569
46305440880435375
208789544312441748
635818218483068740
774849594879904516
771665605016591835
1684337570041501
649519960487940491
271114537559802812
351211772477084975
291868731384325855
12281886510115757
757938771397683162
304450212640917027
151964273807703290
727888608057366052
695604994775804045
718393332872950486
445347482517375775
65573874708364357
700275604557609277
643735583145983903
56338356361010668
289084145913740025
976238723833860096
156023167336845760
952108474667438995
885532019945660600
29299861096133285
752919232285897104
78583871105191036
961641545664679643
261501199204957229
249465928784468215
423232254559034124
973084852033710208
334222685640185681
173600755249361773
604661760000000000
452658135735472561
413988931719405891
162596092018655051
131359634983828906
74131913827086845
17592186044416
25169019027123319
72118677093253086
47020506160288332
478651878553330358
137419845116517483
177258922879411604
512766389420965198
999395939249909776
505531139330905013
911538065417861939
774366715153215523
197824561402901333
327543528420591510
156296501314842347
16677181699666569
915057906822215768
723684940413624480
104948357402374435
909192315780266504
642355540653758105
17592186044416
158928450761847933
256229089122559317
970372509356265625
200245277707713031
823261150693584113
137609893761101792
44557018700713865
191003651619779805
436635393367134605
766267740584095941
67108864
534161382246463443
732653180363160138
557112648116527228
631242631902024038
61790081013855551
236198766086082961
691101428884818527
148062034488033969
235516333531234515
993293160548598785
343202584338701085
624482712718807007
709519076116045997
465740726226849737
745517550887809495
337407385251602467
59347349250329727
260826054814266708
82946196487876468
73965639481609614
178148749781524017
694363893344532287
55473025557190195
360367369210798923
338752979647025632
685389822859225531
976238723833860096
191159606418882079
256608224593728832
653135537482523440
325434579255768867
592223901095308937
818317469064005742
912027280752294974
661908110662942845
15581488524104919
311704084045720804
734445832295554838
670783252273705849
569801335132767514
144115188075855872
746946533117081631
65963021774171223
581574225620096185
955503832016571540
16677181699666569
618790149169932914
158411795418397415
413724114744694119
991753129578850571
886408894566878840
2251799813685248
211024939380087641
641571599775810439
108141694089227144
884418229121565433
409323902400539275
799006685782884121
100848840576628252
882594413621747062
12990102829908138
392752343817122395
29
769071569764888663
198074699052781018
722326526365128122
98520823139119861
493582780419251351
207581444702938000
283839864102428195
688891086700759194
161829043614598723
81673011674555942
617937711924074548
13089662360429466
931110059478921813
552537141153360770
847835525698163176
214633307824779998
73462347251202098
273828317529873294
742668090478746700
223454824141461436
537013778175025479
970372509356265625
112707485558352217
984167279561077878
9604889947683119
65661246936790132
538593671110688118
6
994014980014994001
113949116817016605
934112309481099022
659744440666065970
470935674340785327
826775988009920590
775416926341617342
839299365868340224
93780581113846040
736426794923927877
162963257892740792
982126042570525067
119079453023155645
505127979083976340
51345940291535770
587991575984013484
368507696538900543
487482896501951866
994014980014994001
168377826559400929
444253826541213646
459763358552981070
792654356194500371
497589693465496329
459040966151511562
15400645765032698
886160680428796081
2251799813685248
931248192508188140
961248664759115565
253594134273406057
768300368876553393
14431026278755715
46542439193692367
722681232096958849
742311683557817057
59678008269939599
999522379044067921
516711740789755722
747647285623831893
678256229590387232
218518983287610937
983875299283890389
621237496305706684
137233686399747062
411506559770464266
326017263449119369
27730153560376374
255558555733190321
80927692586947249
161196974109624981
688888189612573756
966396981143112234
791992929336528518
586720804252909924
779132234001459236
212984367107876639
94254020531572027
74157469306945938
2541865828329
344668977987500394
749930088554793711
365777566225555283
750234490412198150
345474515883806321
797493232018535763
36944874235867403
306476908919132569
63981827639674158
279801424579451981
72057594037927936
100947672964666798
108950317951565744
807456136971465214
799006685782884121
842926564753268725
16677181699666569
620912163399703063
53747321792683207
69410883344022872
121016261220367843
16677181699666569
176212682080728860
874513029615455423
335142286317616853
590839975690316686
736997087412212539
305143833042935680
17592186044416
940030329294390916
288493488966616003
756731541865797653
445065183093494583
85241704392542137
987203243429649804
702496504684825445
835864660161560496
853788303481040093
488936249071425110
589442247974395991
845875924962763094
744499391133128153
374813367582081024
733792985009377237
414441025544612185
5559060566555523
732269879955638694
884131731095602486
470284869616679880
787214990678916509
680046011392609020
449875615811497147
160149114830474598
713342911662882601
968260454278662443
397275402693477762
912254894452495881
843309135995205022
355375477428216987
145872856257343716
164681497244049176
39935920316725004
807918148546211764
796614827090678050
927854282954265540
620930813965149579
563002951017058126
862024899171838867
347664960293728687
35961704456404848
524024515987474729
827882539486062311
933920652215465933
906422647308465316
156393482671007262
716598587965692990
456862222968215545
984930291881790849
550394097617694811
648745244437309056
976238723833860096
397305209411574258
988059840239808064
906089106023780901
68374595313649065
847215773502243805
982612815470514370
494351168428867205
226752070504165372
999395939249909776
220579118003160451
999648830835360000
419547491638107588
47454442954460774
244394093276960101
178340521229811311
821640726282840738
10533604815783068
538563680402781281
132641557053979137
374813367582081024
664336386523843907
420695435407595909
925883311054853558
356817091381459205
252250251054409792
436927596492381385
286399606748101294
98128236581305122
918733873284511669
924751026375239832
540132075415303009
556543013912845700
438169621781057360
742582238624606608
841750332141055327
40820271306577467
610292635539760379
664683027911761377
69157828094449440
473664744999357560
823478102757024013
611093764464018931
386094241258901901
120993309151512881
36028797018963970
876547818121634918
305466862678794181
970372509356265625
74461224510182527
999901770412381456
84304928373171775
49817194877732563
892202730915198381
624388538280138600
286783258182294613
143169697744999564
769083476843024612
465505616485473022
846464370261408550
366843517244379802
305102797071181721
134283347549176413
628830493546839227
141504776584127589
230201547309121006
236125314197600751
160637072997920473
606406767379447749
466705921093548378
293150120457633928
358730506733178875
515003882406919035
25125250092388916
805791732207957483
999522379044067921
464164348304711973
507
149607749270666479
248286317156336930
456842992162663525
374813367582081024
637064601483835844
621030171312971966
984930291881790849
40243963822426512
747136837105881811
976238723833860096
988325574740896411
943961664608865991
520876950314184890
604661760000000000
291682880395726547
66490214366271110
957283546867830186
151752720436867612
625546442177726871
760168247976805668
242803993729398340
432751885129881179
126802604252664168
236532771007574153
479713101836499071
766741910061541599
212754176226651286
128271357174804581
416416121295824235
228948169699039829
4503599627370496
219314023490571991
976238723833860096
243763635063189071
88803857004189403
672912606578112345
483859711512041894
146252620959525188
847799382478155344
762040373513103427
900762239191456709
245455879780078163
87553027821144883
263845351701205371
214977973715201534
719556053228622326
567896799821504347
690049934572577971
976238723833860096
345766871998161796
704349135209467328
348682586328593873
41104035496230378
562039550732383206
130858039899798418
573476385577527999
503385019837118006
196873187394154955
428979125492723882
119832864559025052
721909612919841907
364726009268936161
523901388755469934
60602944972268112
566622383049132697
362243819632540549
746469777651742735
514790219687668307
4503599627370496
397130305229164498
229439901913563894
44385495757652534
697464763218838080
150529871895703819
302959661840705218
882314829644073327
826346983824958154
506530313560873095
57619143428842604
829247777162281392
58948847849273565
994014980014994001
239589805509754881
149008671281377103
243058454819205400
785315656120698688
980434861998153341
131284053482485758
975935241065806197
999522379044067921
192327281918490437
320273455542928404
167281083132216067
903805953862278006
964392680752034755
411102675025198289
267935157075611521
840761993631259953
458304463311257493
645656271107567245
999157049925694466
110382166192395312
304143544150988781
207672647257568960
582253291009791555
99786404922738690
16677181699666569
953073289578255866
967061096015879966
731838443717898471
122685435842952764
137901409751764405
394919483830909122
28635781912177207
260206911462187267
315236244654379477
2384185791015625
172951467451461794
37622842262415799
563588604799400061
9519688140771899
237983525906858881
364642604464570416
549793177902270811
364730554910019867
916365996780282642
827795920156609951
757922926623108697
557978447598759467
749540248264467062
86318877649886683
374813367582081024
391707474467278460
23236601984165583
767521061340175779
239029369030203075
833973862697412558
996854083545892553
363207275525729433
463010902692509638
749135492597478138
632630029492325255
125185440861400212
436281245238761664
792234847375223343
991464149836279736
627877409339531348
834132571377679771
306070919971658252
128575594813399164
830947625108868530
524014432814832587
382527483683102915
156175705431276676
974722813224680412
628662442515970987
592673419259633339
639608265625322678
643172474124399676
754547349121763051
382455426730108508
970372509356265625
492594353880777328
388296748060203432
301163951121046654
372561727715690357
481390137177654186
625301727481958861
64659490782545634
78864671719796233
265283422240286601
65971601674125010
784506548504669790
279205974739150895
426980950585323325
211259615229149965
529978357964463395
73357926466285890
371469390255844966
359137204378001969
57647740872945618
722410128610092527
722498977957198332
666123989470020130
207114548163548314
5559060566555523
884482238852782551
877300837598624570
130122724642929634
310304240218902626
771979752719525728
221439635518334651
519781487258343500
972610982247422345
705664974248795590
307521660420145402
6108877074750928
561959889077913122
641141987797744241
20166651266492328
386202454136243068
582633749188725983
898079451627662536
415298299736578733
518517155101303114
75045710973540064
982134461213542729
116654185063283754
386512867250594208
844653677751025363
186277422278965960
544190713779675085
799006685782884121
24993345474183585
74138690632179462
810328431049194369
95217261613682168
473097894350880362
955764835885595227
282475622310995811
588680836581521555
165506878308337118
743138382659839701
811942698353343835
248512756876686222
427426456657074974
587612071165419371
296798834894969116
785484934995116770
495182592590541529
108523930973204871
243727544952780939
577255521274211743
745293073464828919
123632591881628872
998171077251771281
396369467737463742
923856655530170207
876554876698047070
139258489165751375
473756921451857829
42272056008579124
267455346489173425
876112893674063475
894214835345923518
106406604219003739
581284238934912098
443570459921192935
492108139409120480
179041020615800709
50845211064483230
511116753300641401
604661760000000000
108949859478656411
752083674232627977
13473987154537221
14018400738416726
93899844374810756
305865841620944
843211711470436933
417725350374890420
575761815200308631
579287457816664413
783401864511165558
916374822037099850
470400889078637278
970354019661506384
801620839947686325
696812889782087098
62718028406676000
2384185791015625
599562478725876604
237246686934982450
70008674688658901
477110761971945306
342031290175288921
36581015602525779
537012735993002725
105946590154670660
219694005952919438
676369584507076887
399150304168624240
364824663660258153
16677181699666569
511116753300641401
544209256304230239
493828727100345230
645969908899708853
261711671707408040
208758529594550824
138988398658602574
766960335101807735
14845301099960277
707422803324007917
16677181699666569
549755813888
848859145590000253
2199023255552
300351339822390310
145873896741272744
31713428900570942
728568319227977448
999775294624544881
317766200173400552
288795635325270087
998111897182453630
677131723315504980
262198483169402639
199772869294135866
220659889849452719
843253310909235430
125299327764613637
93608132691225357
37247626042608027
593024032709815174
475006506569784042
611741572423158738
541463062086288115
163808850075762842
363300661475744678
436865099647495752
9178366129104854
532606564354071492
555128141351176113
22091042571585352
293820429300894907
999648830835360000
374813367582081024
653695272503385400
799006685782884121
142299363378867078
17820418821246116
679890860155115594
158346009028961665
72057594037927936
947546579212904229
907135337287607012
63520211096067375
976238723833860096
623452103381508301
329080753526724976
227429421652565122
322098758421960664
480902651136667523
188858928033897101
330271470894748367
764170676806923817
710181238350658465
708488433533707939
131621703842267136
290944672024113822
818949901353872998
818087346817126313
232124111315749203
376261663673411521
27985552636560370
51521858803866234
571796545318752658
463125363000124376
667110082889128606
942415199426141563
223470275086319723
16677181699666569
904640482135957984
86547335946686686
255828883888270992
128328936134815488
142580545972480874
370988931120000777
503242466881476329
496630329035449110
79591986396797898
369926362614768742
127710437814814300
904274355248002955
106844754217662474
574128716361703316
72057594037927936
573585433513829261
370373632420587817
953040726660362490
3879021489023140
236693600189214906
833310944870144047
17314790427556499
614411345334763280
531894289392282127
5732608816615740
548454372467646827
445243401155105904
899367342547176799
72057594037927936
160528823230323525
734736933663522675
809836181662022221
459817741810768819
530361892374634746
591089861841602873
994308821116645728
723068140983709367
458789642988186806
387456665083997298
173316868146112224
950844438311825248
101006568618511131
67108863
118533725546073997
656758464135398353
361573419619830306
828782311371625750
216536607609647992
109049515495625713
457431459572607651
776131387195394640
696710490393996127
726750839231277312
313296836668161795
893365102412499158
861656145615213339
808955898646306814
624903762923342765
150958748273550678
148685443607922654
999901770412381456
420218328111638169
993478522718787258
359420635831875908
503719243212536520
789934761113000094
901242875177661985
388885159440853120
176092809328955715
282675560658709482
953364929683869243
454935928640444666
224337003766082670
800736761069960481
70368744177664
160074801729044504
950861663645864607
162988673909176946
175029674161176161
554797787836294579
579859540965415761
243037009794114
891802261878924860
532865565195399819
486186024991916304
151473010846432565
472183343382607523
2541865828329
257732568066424664
892639400399268160
168377826559400929
906303868326507180
258327436717421526
499749939022483316
262148
35522764625269444
690048188784381724
977351491740780490
756624481255400666
173972275190268913
155331475238240928
454627156970273959
271215620578982924
370285232888326611
553579605905011276
914626836039600760
892667985014708195
890908552560650594
309529828700595262
257053518149525520
957434387094218676
450713949679168175
603267400352514032
526774242732932346
254546522539228208
940594137829877368
765170520252092402
976852197604631733
421448439832512576
991040006653401239
5836177398013881
797267821352053393
7300690659598595
367613824920272442
477820258246094129
511402478397285847
700841121793891681
866676653909255940
505624373290649663
274877906944
60845463594288593
378174622174344225
480984187288789764
419749952656322285
744540718338213349
947775954728651005
592152537290907953
721215095087489934
903368252201626021
173212942921550645
719767603578689765
89251576897968951
79677595190382807
932792905888772602
499525669247881680
982412075708642730
434533729745587189
448456554504107700
50981044968293906
536870911
978098883663130141
514754309823485188
873466773070893347
783964910964252579
631733892939332609
36028797018963968
408986928441827675
233582902907206082
623506110802128063
714963636095247763
937478702459258475
249923236388883642
50844301754718418
863503160567003354
806727866890080937
290322769349612218
110401606869724046
716328725174212270
993855624117459287
832675291023136867
325968852386808287
35328781528446351
668588059393097875
271211487189576623
111955125564205626
696214760161172429
255638989654556799
312455321172462962
335567930352506417
970372509356265625
713342911662882601
999901770412381456
274877906944
993617561610090546
347637423377605525
131339335116601349
703143295217362183
15699872727135927
872071590034780302
778473400369961781
908019725167735791
275827452856762083
511116753300641401
59170543667364477
797203373093629402
491801852149285290
619645958323011870
844752565195876311
105780874138361208
37831601396855583
245579035662662165
527352443159890001
563808488316022705
172699812875331641
976287873568193411
81875928068997605
958018491979559845
713342911662882601
839299365868340224
295556749658723634
999648830835360000
799006685782884121
756829945780524795
982134461213542729
361555548084127215
289851831912952239
248688915056600846
451301201525736376
458467378528627733
759860299062268894
520874076462770888
757966246471031343
624920241523434334
744343139739640449
431717970173960722
744015657103880137
982134461213542729
291938782938619763
713342911662882601
361841282553130732
301076056704846641
607508787816877536
334379945674380362
417420305781683199
520735306093421451
999775294624544881
984930291881790849
133084637835845028
854806179766332640
348792731628042108
795193156361499951
251
248355822585645081
192543698390528778
484151809638015484
558020550536589777
274877906944
265327344892162540
63634319349574544
22722822639612713
134644631824982316
17179869184
842381193094852675
450617572525557426
10882500106349213
982547923463094497
134476730610536278
416614495021507741
839248839871270346
125828287883837891
987946292518161183
286835176021067601
433076466858255659
287494150065231714
747245159521834888
781417177499589430
600307544916200926
558545864083284007
115886259645258248
370329678747160299
39256675728836187
961777505706567912
2384185791015625
335334114668360410
567560003859476533
220638316790715750
999433888384795653
666432145759807738
184918353539165666
948648550735341690
612744046333808978
124186595646015011
135110390865507289
398049531439316875
656863348533948558
301937276880232581
136515142671256149
685859286270740880
734990272135434714
855426553080623353
442315358360996074
855481321260656740
684018532899411684
898387010729955646
238940134662515500
106339604436926260
137614232279200605
64852957333200427
706224186803240392
356358025685533601
255235319047368151
738734406824322490
2541865828329
804122761439755483
450967206165056966
168377826559400929
222325615196480034
5559060566555523
956379380040371477
267396142808021419
166418397169092527
201826412436686280
72057594037927936
534222386423913693
197286323820082432
558545864083284007
617830471694781409
923747261379651665
405156872636780963
2046
219858849746864373
6014263084049629
416282810416772571
604661760000000000
815089498125001081
808485703552982195
122102393056156924
92702137288209861
159498094897838251
712806888604441657
242210476459996146
547888830972594339
534694566924621030
350313994183602705
552666825709349227
571219708756136846
144142137697652126
497682708895321762
782901021225782862
35655543032885231
8331194997624111
972945552034513948
843888462459094405
53465382460000669
527953083071999869
531412589211965103
724537396229018670
538372023137103192
379152758188118588
984930291881790849
720752472999936307
102070363290016448
242996767825343825
813430604263264329
331135921215636746
949691201148441516
35184372088836
462447875557783983
153101515178601230
108469804681800359
799426641677633225
4125015068284423
444941256943890468
657916617011815925
274560684560121540
817075194697258023
355573821278716614
291576161880775826
619022575435930238
425514721881011098
986417978221769858
546503443048433692
975893765216642183
894972652310525917
120939330781235097
365576422325056451
201406245036529694
999901770412381456
953802096371343717
160080574885375214
594340132633846742
427066780952690702
320117525652326546
372495159503618879
291372996086769389
389761129146450749
90696568970638915
38173331114428333
496776739049018242
999522379044067921
735443206205920551
849086353932041744
211489612290325999
550602977120684893
218431679194546783
715116204338023433
461794206117235627
251103552174914447
60710596251761761
827325986444626006
529215079962203293
2147483645
236311824219640966
720069744872656080
345816516717527727
478846599397811437
999648830835360000
240865917678759
390351192948892161
735853651996079451
61
976238723833860096
83636737762304009
365714844163883065
440313420836624433
55683836536280591
185205410715979096
180348726148304313
765406392075901315
803746458537980069
521366622171200359
558545864083284007
606215123964521288
984930291881790849
548951121422233117
797680305036991602
799426963732277865
581498557291473515
583337835439328154
430761926185613382
905156373446694404
207047368237225634
528466942904822670
534746488757419154
603120831557148363
549755813890
938563133105948640
503097258502372287
921625609661736924
819328934449019869
415014244444585138
799006685782884121
800104222436951529
983319405925625323
334178553221158835
689464264568602036
151562253251178457
4503599627370496
578126841117034700
630465919362990013
925197575502266060
108254538084695590
595592570109780508
173822437413947806
335586826876103994
786044385397809387
132424027194238802
23913124362987681
591555715549206707
285597755969659221
292938870597111440
634922629979011772
959185784403464055
459177750592108293
436907844769746877
773355143151943825
4503599627370496
2698684613704545
241023788756337689
79880549293276184
585924751966688721
851418814510229915
262285564141291628
299637421671539239
17179869184
75271820576210714
999616233073044015
677090712081070375
857589271896514439
942374595323575165
123910849758476672
185455598679828809
307465522091582947
980302025038819318
206467654779267033
589589801421987059
993955852610603883
873071651013902372
948745960460192200
674670596629885071
498666085173333253
999522379044067921
410964359233631431
308902281129394876
999522379044067921
112734394041940576
741594953900859525
339305536565445546
635062832221008179
669453404271158702
799006685782884121
654328256228947448
797796012202694719
125237858925530592
549755813888
412979480397491673
131849756479459926
714827791313121543
900220198261295081
773743807486071274
461952711238592263
202944840093736420
476041090291158787
290590286718425693
315531093166489404
115306388630107783
174191921807842461
809200876749324696
485047446238889380
466011617323314606
999395939249909776
195225244457333765
757573653150435111
821654400690989306
590757221806419405
897903034185179203
477322969384289053
529412088801579076
262991961820683916
678204206928959161
440912094135560591
946487197952158794
256485036464910810
671924004539447650
11
336247643418413286
872978334418404144
1048578
926411087282845107
96991974873527110
689429996616011836
591315822846973950
201784335905076934
324656830151248652
288291125183687055
391212873368036089
186543887533460124
708368935373537639
319035780599832737
111097322293806989
379057431253543909
593802745658776056
227822195117406556
31086964717441851
605339808921438146
377563400356551093
319638265982491100
680674299086496593
415281447522774184
404628308395903151
487944930640501204
68536913993287906
311404192163806196
362791063266017190
110175629764260651
72057594037927936
311604453488920712
512911886586481211
943612905490743809
195783674739740685
344906869258184473
83827873913730629
21186199063155718
242200056508795912
313899723621285461
502374492661957308
214364152584169819
16677181699666569
990778529488390093
621693896022175952
961489188915848054
107408789467656059
579666958443777582
118121989343933585
164523839534560945
627194269686328712
72057594037927936
552490444605461183
999901770412381456
102488589734370281
177460897920538227
600367750748361522
403388132144710123
122362941772442369
150194004779841632
947066080722050954
621404571043343236
984269475944754436
2044
683835030700163664
451493084736123354
755834959941641759
624416327371028104
36028797018963968
382405240753287841
337998870242639147
35430633918234205
598205432480924859
999648830835360000
26824861412965065
798606293104768884
550602117529838840
88345676756731219
76788049972451511
490381729492266055
67837440967405034
948738117963177286
262533932690244503
681813155492182574
41879274309522625
705350626934463305
775282291256990215
799806709104712
145287399938883758
329741150381606724
118238417286777914
70368744177664
727723429928668095
110784720570546972
2944489738624205
692518879748708651
544504924599705782
50366164455727805
744304254643953649
835047088326009797
986196260168023458
558545864083284007
324178063145401414
511116753300641401
474230974102516035
355487313711351706
285765821527271933
13576975693031605
690221162090782120
186759053525456440
464340615150031684
15076157850285729
138243670071588244
67381467701189804
999395939249909776
217926734542425312
874141065455267548
502916039906132080
977734432509619630
122307030782900771
67965438936711345
87274401871026539
501558773709487465
347857663363428176
566800343374652539
731580188737245573
79264149538530901
863000308637511504
290049137050392027
511116753300641401
439914692721016138
214071645649161996
958937644263907840
474216857748091119
645887250103625905
754185230463047131
992391719020882058
549755813888
321425506745004217
539397997536730165
736038875724831401
910265510387267165
715743389528104905
390732838290533634
524494514787707845
174104547907687706
931596056971211339
799006685782884121
77906538526314878
797253215102130335
155020902969779934
778850686054777806
63722707451728645
496161659253278819
970372509356265625
346938325713090972
492971637844228544
637810350766100214
825235199825348967
502807675535202686
615885141577113993
5559060566555523
287938796119641645
999901770412381456
151058452555794207
512189556103790810
581902105455350380
58859406358556098
181388749219867226
295041365884647929
412482953165479677
779601326191182213
716492706733177905
79205828311176529
275934883235351910
20813368822423403
88767944419881142
89230308321928904
522720690369424112
303927842518074293
182070047123807457
75515961123664853
752748236946740628
40846141552872889
161286559782627352
17179869184
211659870679027185
929217685568011816
201681057831332805
982809689414550382
686059797294978559
682452984759519267
384094274342028167
929175428242471938
900075572766417559
258031967284396065
2251799813685248
527449408189705108
577662155853888031
36028797018963968
903110125730100857
94469424171455213
4210684883006609
804602333504964885
660450742607880826
36028797018963968
839299365868340224
809069262536826333
526217789547721720
632906261481353485
374813367582081024
161098857730271302
548423019572641940
991240466315682324
49428460736481747
984930291881790849
222712059647946619
383197525554929170
428985656465231177
331396851185253564
721410151015594577
713342911662882601
773893855975627809
805274936107108960
168377826559400929
594960675289616643
388814949853645448
230321586627548598
807618768046478012
6983214951272791
244840136910991081
410254428945626537
19522708001254688
95971143325683889
541881221567980005
851409869257142958
263163457135164690
201220796039073931
104609149606387168
992412742513174557
32305632773498362
125745259064280267
777944051482881749
599368020734104232
38976418194124038
364864150558737299
656997954370687899
162282539282899311
276295915040147815
604661760000000000
815057515447213209
957051897286636832
80789633457087790
604367748724318640
867267244566686665
941785536043147485
694955216958049105
619841985877145357
365785559319746050
985404968058480981
162770322370832754
604590809826247201
695618231347769717
764258764071597423
