45 100 944210030
651423 412189 640695 429991 -778173 -208022 640204 -4767 770546 -60982 -775084 607422 721413 -500217 448045 897838 315637 272141 469602 319465 877049 91938 139407 331660 -794465 597500 -675737 600656 -173049 903097 331005 -476501 201222 -888265 -530153 -965408 -447060 514037 233014 -243932 645825 -61920 990433 115984 52493 613409 168548 425449 478472 -160283 -28226 -47295 449361 997313 407632 930970 112632 549220 -728072 866342 77045 423712 -497594 965971 -618566 -709657 322408 -920655 -815600 -13489 142148 -678164 753732 -890443 995793 874062 -187618 -118497 -439778 -820121 823383 550882 -967937 321755 -396186 -39682 777392 -409155 645589 -833667 957657 219771 -309001 152314 260530 969353 130815 10984 -320485 147563
-290456 -983446 568042 814041 -759646 -588918 858893 216868 -423592 -2131 848066 311770 969364 -350149 624949 537429 909792 209204 -145722 -12410 -196348 -513788 255479 -956575 -544343 -378744 -785076 -272870 850054 84154 707576 876287 -877664 -360935 169260 817010 413173 994613 -737108 58855 776086 138997 -182811 708209 -270612 505233 -316235 -181402 -312676 634432 -642233 498625 958373 138231 -239536 -947026 -422739 -395995 -899306 -206515 -278510 -690197 -312843 -261217 50625 922685 264476 937426 866318 413798 -863652 151453 -710954 557384 -699802 295802 -335859 -973222 -18177 683146 731459 325545 -231233 873617 -802542 153100 279061 865217 -89346 -201825 362059 334218 394065 14635 393978 793690 661983 -250208 831731 -445162
51 87 37 90 63 82 91 49 58 72 7 35 45 26 6 29 59 3 12 44 83 56 38 17 80 28 8 5 77 52 79 96 69 97 78 81 86 34 93 42 62 75 10 51 66 55 31 27 30 33 1 23
6 11 9 70 21 18 48
80 58 59 65 100 18 10 35 32 99 70 95 86 97 4 7 71 89 6 88 39 29 25 1 49 11 79 62 14 12 80 60 91 98 40 2 94 28 67 63 38 51 93 76 57 21 43 9 44 19 82 31 83 13 54 56 61 27 72 15 50 74 73 34 46 96 52 78 68 77 36 90 24 8 3 22 84 55 48 69 5
21 76 51 39 6 99 30 61 58 52 29 87 56 33 53 77 7 95 15 55 41 68
79 96 95 25 39 82 72 53 73 2 56 55 5 84 45 3 19 83 16 18 4 15 61 76 68 81 77 64 58 94 86 60 46 23 29 74 79 10 52 71 93 37 42 17 92 20 33 48 88 31 24 62 80 89 57 85 27 30 40 87 75 97 69 32 91 67 13 63 21 90 50 43 34 14 8 7 70 65 41 38
97 41 7 62 68 9 59 13 61 73 77 51 4 90 45 75 100 14 20 55 81 26 50 23 92 28 89 65 46 37 25 63 86 40 36 85 12 11 21 39 43 16 93 44 88 10 71 96 34 58 38 66 91 56 80 32 48 74 94 84 79 52 19 82 72 35 60 69 1 17 5 54 31 27 70 57 87 2 47 24 33 97 67 64 29 8 53 49 78 99 83 3 76 95 98 42 15 6
83 6 73 26 80 61 47 54 38 75 95 100 4 86 10 25 34 28 18 89 20 50 62 17 7 64 46 19 93 31 56 52 14 77 99 55 16 44 83 45 41 53 71 90 79 13 3 57 84 29 35 5 21 40 65 58 8 22 42 74 72 30 32 69 96 98 85 39 59 2 36 48 97 49 94 33 68 76 66 11 81 67 12 1
64 70 40 82 58 41 73 44 50 53 37 23 91 6 79 80 65 45 88 85 89 12 61 1 31 94 7 49 33 21 35 16 27 52 77 74 20 76 66 54 2 72 71 78 18 5 29 83 84 46 43 15 64 34 55 90 42 60 67 9 99 48 63 11 30
34 49 57 83 77 52 72 55 88 64 17 35 32 37 51 23 78 2 18 81 67 60 50 13 25 26 20 97 29 66 100 65 30 58 54
2 47 90
11 36 20 78 27 15 23 59 34 35 73 57
84 77 23 56 13 55 54 25 34 81 21 97 98 26 47 6 48 68 79 70 92 18 12 87 29 73 58 15 44 11 28 51 10 30 43 95 45 20 78 35 31 50 75 60 27 17 63 3 65 62 39 49 85 7 94 76 100 24 19 66 89 72 67 37 80 82 46 40 2 53 91 69 52 88 61 64 74 36 32 86 4 57 38 83 5
77 21 33 27 77 51 15 44 92 85 40 4 97 76 100 62 80 36 49 2 47 60 53 61 79 65 14 86 25 98 56 23 12 55 6 28 87 88 24 54 70 89 84 75 11 7 8 17 50 39 68 1 20 32 72 45 42 43 35 5 3 94 37 48 57 30 22 26 81 90 71 38 9 93 29 18 83 52
100 10 31 72 70 48 64 3 100 58 71 39 13 16 78 22 18 98 50 55 41 53 32 74 7 97 5 8 56 44 30 47 88 83 85 33 1 11 51 34 45 99 90 52 73 92 91 2 87 57 35 38 63 43 28 46 12 40 96 84 15 82 29 89 49 61 20 76 60 67 26 75 66 54 68 37 24 14 86 93 19 36 4 17 62 65 21 77 59 80 6 25 23 94 27 42 95 9 69 81 79
16 51 13 87 10 81 44 20 15 73 5 62 77 41 9 79 64
79 32 85 84 12 76 25 99 49 19 81 7 23 82 36 56 79 88 11 17 46 58 95 27 8 72 47 4 80 1 22 63 98 94 5 54 60 20 50 86 35 92 44 93 69 91 28 78 14 39 18 43 51 53 10 65 26 40 2 45 64 74 73 55 90 48 59 52 31 42 70 68 6 96 13 21 38 24 37 41
95 71 45 6 57 92 13 84 22 2 47 32 76 20 14 99 9 80 91 59 27 90 5 86 64 42 18 70 97 37 21 52 88 3 56 48 43 93 7 55 26 51 41 28 33 30 87 79 83 25 17 89 29 77 53 24 8 39 100 67 34 31 19 74 46 81 11 23 66 10 63 40 15 38 98 50 12 75 68 1 82 94 65 96 49 61 78 73 60 16 44 62 58 85 35 69
43 54 80 36 49 48 88 18 69 92 65 23 6 28 2 8 91 21 83 19 11 78 56 12 82 79 29 26 84 90 22 38 20 42 93 24 62 99 70 72 4 60 41 66
21 37 86 71 56 11 21 36 49 14 66 85 26 23 100 51 63 93 52 90 5 74
79 74 47 2 16 22 56 1 85 46 75 30 44 81 36 61 57 50 11 80 77 34 90 32 84 48 55 94 19 98 69 59 21 23 42 39 83 87 100 10 40 20 24 29 33 78 86 37 64 15 62 7 43 17 38 4 6 18 71 92 79 49 9 14 73 31 67 68 93 99 45 35 52 66 91 76 95 70 58 63
78 61 25 78 2 67 58 73 75 80 94 44 86 95 20 68 96 48 59 23 64 39 100 27 1 32 21 38 56 53 60 11 70 18 46 5 83 45 81 7 82 42 93 34 84 65 9 29 35 16 90 71 37 97 4 63 91 19 77 87 99 33 98 69 49 88 50 24 3 14 6 79 43 8 12 52 36 31 85
29 56 75 61 60 1 79 25 73 77 70 50 86 96 20 83 68 45 42 16 91 48 54 40 4 52 39 32 44 72
12 52 50 71 94 57 70 5 27 13 55 77 88
72 59 73 64 90 26 31 91 52 21 1 56 60 95 36 88 94 12 8 40 65 6 44 19 93 98 97 96 51 32 23 4 86 50 74 13 72 80 69 70 7 10 71 89 29 28 79 39 100 3 11 47 77 76 48 43 53 67 62 99 18 27 46 58 92 38 15 87 78 37 84 17 25
58 53 22 35 59 40 14 86 99 39 21 71 38 1 69 83 85 84 90 76 100 63 8 11 42 12 80 87 65 27 81 20 47 79 67 31 25 68 78 33 75 18 48 34 58 32 89 56 50 54 4 23 30 13 28 7 98 73 74
9 77 60 94 95 3 33 1 52 71
72 93 3 11 1 83 27 17 72 80 88 100 70 91 90 73 96 20 14 78 75 31 60 46 29 24 53 59 21 19 74 77 55 58 66 34 99 94 47 65 32 36 71 15 13 62 49 25 22 5 28 89 81 16 68 48 52 63 51 67 69 45 82 8 86 37 44 30 95 4 97 54 7
95 52 39 73 21 25 93 26 100 84 16 74 1 53 61 45 30 29 70 80 71 60 2 17 13 90 22 31 66 27 40 79 9 37 99 47 94 55 51 81 67 7 83 5 10 91 92 82 18 41 96 57 85 69 43 6 89 98 76 78 86 35 49 11 38 58 23 12 88 44 24 8 87 77 3 15 32 64 54 72 33 34 19 65 36 59 68 4 50 28 56 46 97 95 42 14
14 62 51 61 73 29 77 20 78 36 25 30 54 19 79
88 3 70 62 91 64 34 27 28 8 73 92 38 93 80 78 61 53 88 59 4 31 33 18 83 69 56 54 94 32 100 35 14 99 75 25 2 72 84 55 76 20 30 41 90 40 77 97 47 37 43 44 5 13 85 48 6 49 57 42 63 86 66 98 68 39 58 51 9 21 17 11 65 79 45 52 71 46 29 1 89 22 12 96 60 87 82 67 36
54 53 96 31 32 4 64 10 28 57 7 14 85 89 49 19 55 79 2 25 74 41 69 1 93 100 13 58 23 45 76 33 63 81 8 77 83 86 3 91 52 78 38 6 12 68 70 36 65 75 82 42 73 9 92
47 60 80 30 3 6 36 96 97 72 66 38 51 94 69 95 37 28 99 12 47 73 78 31 84 70 26 40 22 23 64 21 75 18 5 87 86 79 34 17 9 100 4 89 45 29 11 7
50 57 73 88 9 7 77 41 3 16 98 90 34 13 39 48 37 23 45 83 79 95 47 26 5 15 25 33 65 42 10 11 19 63 59 8 80 21 20 87 49 78 92 38 14 91 32 64 27 28 17
34 22 79 20 52 60 10 51 31 7 29 18 43 45 84 71 34 73 77 80 65 92 63 66 39 17 58 100 64 4 32 38 33 67 97
15 58 25 99 66 47 2 29 5 43 76 73 72 38 40 46
85 4 81 15 67 40 99 96 7 29 5 12 66 94 9 24 53 51 60 2 14 30 100 77 20 49 34 89 11 26 3 64 85 6 80 87 13 73 78 71 41 1 32 93 70 90 38 44 36 42 31 27 50 37 76 69 79 54 68 74 82 58 33 19 35 52 25 72 55 43 88 61 46 92 21 47 45 63 17 84 65 10 48 62 16 91
75 1 83 78 15 38 17 9 62 58 18 93 35 47 73 89 25 82 20 24 19 68 55 33 16 40 69 67 59 53 34 37 42 99 45 72 64 26 91 50 94 3 10 29 97 85 92 51 56 49 46 54 39 88 75 32 84 57 48 36 86 52 81 60 5 61 41 30 77 95 23 13 12 100 96 14
100 86 29 94 87 49 53 75 60 77 95 34 3 82 42 78 88 71 1 12 31 68 27 93 24 99 63 17 7 54 57 44 19 40 97 83 84 48 61 5 4 38 85 33 32 18 70 45 23 8 2 92 64 35 20 22 37 16 80 25 74 15 73 51 81 91 39 47 56 41 98 55 89 21 100 52 59 13 26 69 11 90 72 6 96 67 58 30 62 66 65 50 46 43 76 28 10 9 36 14 79
14 43 22 25 98 19 51 62 29 2 7 75 44 10 1
53 96 85 98 39 20 32 9 54 35 10 97 38 52 33 94 90 75 45 40 61 49 24 92 34 6 31 84 93 23 50 100 71 95 47 68 76 53 16 77 1 67 66 88 87 73 27 69 18 29 51 19 41 58
60 60 92 51 72 35 49 1 15 64 39 94 84 59 9 96 61 31 47 65 48 55 16 53 73 7 42 87 69 78 32 11 58 13 23 70 82 91 97 5 24 19 37 85 22 100 86 8 66 99 81 62 30 34 18 41 4 75 20 28 79
45 62 21 83 39 46 20 87 85 79 98 45 4 11 8 16 84 57 41 73 12 78 53 49 18 1 70 64 44 89 35 99 10 5 69 82 42 31 27 48 23 19 100 7 37 38
84 76 14 31 6 3 39 23 46 57 50 64 37 44 12 56 52 68 20 93 63 18 36 92 22 100 78 9 73 10 58 55 51 54 95 59 38 89 40 77 98 25 67 79 85 91 96 43 27 66 5 26 28 49 41 34 47 69 35 33 65 19 17 97 32 70 87 24 62 16 80 94 21 4 74 90 8 13 71 60 81 61 15 83 48
3 94 6 73
100 28 81 56 48 40 93 77 63 32 74 18 26 58 54 86 43 73 46 94 14 21 53 20 8 16 98 82 25 79 12 100 99 72 19 68 51 33 64 47 38 83 10 66 89 85 36 67 62 35 41 97 13 71 45 44 87 84 75 3 37 30 52 50 7 39 34 49 88 69 91 5 15 2 6 55 96 4 42 11 57 27 65 80 92 31 9 17 61 29 1 76 23 60 90 95 78 22 70 59 24
