67 75
1 54 38 56 57 314305867
1 35 38 64 44 787982418
3
2 26
2 6
2 78
2 80
3
1 7 34 55 53 951567552
4
4
4
1 35 47 60 54 410227676
2 25
3
1 50 31 56 32 763081109
3
3
4
2 70
2 16
2 69
1 55 49 56 55 512934409
2 38
4
4
3
3
4
3
3
4
2 68
1 10 17 64 33 48349933
3
1 51 6 54 20 872451087
4
1 53 13 64 38 342828719
3
4
1 2 62 46 64 279087878
3
4
3
2 4
2 71
3
1 4 37 28 46 869480511
3
2 62
4
4
4
1 54 17 65 52 512823498
4
4
1 24 7 26 47 35572976
3
2 69
2 18
3
3
1 33 51 48 66 851353873
3
3
4
4
1 66 22 67 67 854587202
4
1 65 9 67 48 180068769
2 41
1 48 25 56 46 379932839
3
3
4
