100
77 2
54 10
45 3
86 5
94 7
46 7
19 1
56 10
70 8
97 3
71 8
29 9
42 4
29 1
62 1
19 4
8 7
12 5
40 8
17 1
37 5
89 8
24 8
91 6
95 4
78 2
24 2
53 7
31 2
78 8
53 3
31 5
3 6
46 9
8 4
9 2
26 7
0 6
7 8
10 3
10 1
100 4
27 6
34 8
67 10
16 1
7 10
80 4
24 10
87 1
21 2
9 2
59 5
64 7
68 1
67 6
27 8
79 5
50 2
44 2
57 1
35 7
75 2
41 6
5 3
97 6
89 1
6 5
15 8
45 10
9 4
27 3
43 6
23 6
85 1
8 3
28 3
4 2
23 1
67 9
38 4
55 8
34 4
39 3
98 9
65 3
62 7
9 5
64 4
98 6
67 10
55 6
15 8
29 2
37 3
100 3
24 5
34 3
82 6
74 4

