800
196442 78475 65961 22987 178327 47246 132065 44815 30459 183907 150484 17433 56402 74492 66373 87832 62953 25904 6381 5021 61333 6829 194692 24280 162517 150506 118193 181087 189569 65033 126859 32360 124718 151865 15971 187292 128346 191988 50681 198733 74764 18033 105359 18421 101273 18699 129979 142835 46835 158407 33274 160298 64220 61374 144757 190906 114562 93685 53598 36923 48556 25426 36527 133721 115309 116472 125670 60700 79242 52981 179936 21478 26081 40076 77141 85716 76106 6114 157806 199567 198842 139033 50837 72810 6481 68896 92130 58462 192896 82591 136331 102737 12240 172952 93701 47556 184389 30194 86131 89083 187280 198760 114947 133943 60317 143068 151115 3175 63810 5903 165882 185081 23740 96678 142657 45234 170169 17013 199578 25447 139755 175468 41298 180822 21929 12189 106914 114529 90922 34543 1605 68176 162697 191428 127081 4992 47676 27657 51546 158029 23266 187323 39531 8748 251 141557 130632 121883 93358 33533 5304 105442 20291 62696 155693 143182 152216 64975 728 79699 96076 77898 87884 99953 119293 40276 85388 35241 146309 78901 155005 19392 118277 68003 75869 195644 94519 73464 172574 127403 61348 193397 173223 8407 9697 28160 168238 42137 6923 23629 151507 27606 31508 192084 60331 75970 93909 134702 81211 34403 64681 183412 54031 154128 3797 198494 107490 195417 66202 2633 35821 119545 181751 160671 184117 159433 57382 46365 55384 146057 191752 114328 199520 67748 33359 10430 54153 105817 15049 155191 86637 100739 8364 125664 189989 22023 37102 25407 131027 8269 81424 1753 58857 10659 26083 66717 13506 117003 44875 102149 51672 116898 43386 131684 155821 29958 127807 129007 197136 11399 12822 45188 34138 164594 56711 94105 199717 86719 137752 174877 70334 153547 193918 145594 106501 150043 46488 16998 113503 119699 26946 5811 28751 106261 28183 136588 108587 161929 11996 171131 30969 188045 186486 145552 101987 81722 109701 141364 53756 129631 98823 89194 137277 133478 25939 66745 132827 164366 192875 193189 151357 176810 16984 140610 28001 195774 135054 170358 198681 136309 109781 123083 154265 7904 141539 185686 150411 186878 85705 25087 102562 183230 198782 150963 161167 165344 13803 143692 23924 189467 108815 28034 49395 71249 190717 194479 18602 1219 98636 153743 126220 22922 28617 121004 22871 127154 116951 121848 23696 10223 52946 26173 54789 164794 49639 22004 53003 197677 191283 95717 129020 119109 89091 36804 193841 182016 183886 142886 57889 114689 12885 62788 191395 77653 52691 45183 25139 32945 106403 58979 187280 37245 94180 21563 143159 29164 127596 35399 158884 109391 127196 155077 98397 155373 191717 2244 79366 146696 75201 80407 19934 21258 145933 143195 80429 99175 87702 55657 56427 97711 178947 40508 101730 162138 34261 141835 66892 88295 81239 3391 10847 45875 47901 94614 74231 72096 28984 99194 45908 183569 108343 63035 177842 32727 43321 85105 133930 51742 94622 17033 173591 87347 64817 176967 172069 633 198893 190096 57337 21401 67477 170864 95115 100294 65371 104108 31923 54 46348 109843 126428 58193 68061 105688 171877 6581 142857 45534 76250 86257 118837 130269 70701 122681 149623 13305 108867 172572 92712 117721 148647 125715 75688 51428 69337 60305 195981 115330 54573 43801 176121 101738 143142 40479 75983 183082 164407 173333 125 130051 2452 35699 125019 164742 79451 167191 80033 136032 11730 2851 83086 187478 124181 68308 8287 56105 169235 24980 178365 36761 153794 124726 83278 20537 3673 160598 114732 81659 118236 195869 28202 102808 178167 99169 78137 8891 72172 152633 4984 69149 73756 57654 139104 78134 126839 11499 178024 136388 22953 24709 12121 113057 133931 165777 77977 52978 165499 110730 158058 149893 159077 104428 42171 39467 1429 47253 170024 135123 24714 63409 78457 128527 119555 167107 29021 135808 121749 6791 122759 159059 106789 46646 8130 186304 29803 33500 56064 79904 11619 48479 77444 94169 118602 106718 68917 153904 191770 192668 187216 66733 50936 159424 92824 191038 19759 52476 27143 138499 167874 173573 31729 25795 40281 114637 25469 31597 64080 46559 63105 124987 182501 68447 168645 80002 53 131908 60966 8972 163258 63389 108932 174548 127847 74232 82613 34096 133128 82213 69522 68777 187691 172288 198696 199389 77339 150287 54955 34213 39715 85751 167067 134175 68310 79333 183587 60854 177710 124311 139837 46489 171791 51964 33675 57047 64853 110211 116455 110943 140156 69809 25104 60546 138047 25936 51193 69494 29974 87099 141352 197207 148056 155117 119328 60587 198439 156155 131658 198181 116152 17573 115390 136432 85863 132184 4289 92734 100624 191352 3317 55621 113626 166767 165972 148260 162917 76157 118070 100612 19033 66041 21527 138009 143406 39441 176063 41770 167795 56413 150009 46727 63939 64183 72382 112176 174257 176672 159314 173469 188545 95813 88004 133190 156624 51443 71479 103988 17231 144350 192832 144763 47391 45839 43842 2504 95971 164592 151366 164832 75467 115067 24245 138855 62533 181436 91019 59755 173097 192558 91982 53861 104989 30558 73584 117529 4027 80828 141548 194511 195263 127663 138184 97017 81831 14421 132199 20689 191215 73154 150562 3709 104706 8912 126253 143357 80929 173871 135820 439 55302 113537
600
2 771 799 8
2 334 799 4
2 158 799 8
1 149 25377
2 442 502 6
2 200 799 3
2 441 799 5
2 499 799 6
2 548 799 9
1 398 11149
2 425 513 4
2 369 799 9
2 650 799 7
2 212 799 5
2 190 799 8
1 733 98612
2 321 519 6
2 152 799 4
2 197 799 8
2 641 799 1
2 449 799 4
1 60 30653
2 664 764 8
2 163 799 3
2 0 799 6
2 624 799 2
2 798 799 7
1 661 26850
2 253 374 2
2 487 799 3
2 11 799 9
2 195 799 8
2 170 799 5
1 359 199647
2 38 440 7
2 425 799 7
2 794 799 4
2 737 799 5
2 621 799 8
1 683 152393
2 35 255 2
2 82 799 6
2 446 799 8
2 430 799 4
2 160 799 8
1 174 64786
2 320 401 9
2 540 799 1
2 182 799 7
2 206 799 7
2 683 799 8
1 365 42666
2 20 740 9
2 399 799 9
2 187 799 7
2 53 799 3
2 744 799 2
1 133 114810
2 576 728 9
2 164 799 3
2 372 799 2
2 556 799 1
2 780 799 7
1 344 14406
2 351 669 1
2 103 799 8
2 214 799 2
2 506 799 8
2 319 799 5
1 0 144071
2 398 481 1
2 240 799 3
2 496 799 7
2 359 799 2
2 205 799 6
1 51 178258
2 536 686 3
2 680 799 9
2 357 799 7
2 24 799 6
2 161 799 5
1 283 11449
2 160 723 2
2 457 799 3
2 612 799 7
2 755 799 9
2 346 799 6
1 356 60618
2 492 497 7
2 582 799 4
2 443 799 1
2 742 799 2
2 249 799 2
1 757 67850
2 427 710 4
2 640 799 9
2 194 799 1
2 146 799 8
2 99 799 1
1 234 87961
2 13 296 9
2 502 799 3
2 469 799 5
2 424 799 2
2 35 799 9
1 108 32507
2 122 450 9
2 374 799 9
2 747 799 1
2 161 799 2
2 416 799 2
1 739 164067
2 408 446 4
2 579 799 7
2 25 799 2
2 345 799 9
2 46 799 1
1 353 35728
2 138 622 2
2 664 799 1
2 533 799 9
2 504 799 2
2 148 799 1
1 112 114144
2 299 583 5
2 666 799 1
2 731 799 1
2 513 799 9
2 693 799 3
1 689 14753
2 420 626 1
2 94 799 5
2 743 799 5
2 477 799 3
2 715 799 8
1 77 102534
2 94 184 5
2 511 799 4
2 58 799 3
2 678 799 2
2 428 799 5
1 621 64756
2 197 409 9
2 726 799 9
2 465 799 1
2 666 799 5
2 327 799 1
1 718 35721
2 76 107 4
2 434 799 3
2 498 799 4
2 781 799 5
2 755 799 2
1 403 168340
2 214 370 6
2 572 799 3
2 173 799 9
2 781 799 9
2 597 799 7
1 237 161281
2 381 525 1
2 125 799 5
2 488 799 9
2 22 799 1
2 240 799 6
1 309 44544
2 549 565 6
2 424 799 8
2 615 799 4
2 291 799 6
2 541 799 3
1 499 14700
2 452 729 8
2 184 799 8
2 193 799 5
2 95 799 1
2 159 799 3
1 54 91409
2 179 244 1
2 200 799 3
2 738 799 8
2 63 799 4
2 73 799 3
1 372 79836
2 25 345 1
2 648 799 4
2 455 799 8
2 46 799 3
2 397 799 9
1 6 30467
2 241 729 4
2 325 799 7
2 269 799 9
2 533 799 2
2 409 799 9
1 43 11642
2 90 615 2
2 362 799 6
2 446 799 8
2 352 799 8
2 504 799 7
1 525 19008
2 30 181 5
2 328 799 6
2 510 799 5
2 418 799 3
2 698 799 4
1 120 172336
2 8 106 8
2 320 799 2
2 446 799 1
2 534 799 7
2 443 799 1
1 218 161127
2 575 599 5
2 426 799 2
2 253 799 7
2 654 799 6
2 380 799 7
1 384 58453
2 143 569 8
2 156 799 6
2 341 799 7
2 107 799 5
2 124 799 2
1 428 78925
2 386 718 9
2 695 799 8
2 772 799 2
2 588 799 1
2 755 799 6
1 379 85033
2 248 592 6
2 740 799 4
2 314 799 9
2 736 799 4
2 160 799 2
1 286 20443
2 294 634 2
2 134 799 5
2 558 799 7
2 683 799 1
2 690 799 8
1 159 108469
2 427 730 2
2 306 799 7
2 276 799 3
2 402 799 5
2 569 799 4
1 654 67853
2 202 687 6
2 378 799 1
2 642 799 1
2 788 799 9
2 96 799 1
1 468 19940
2 90 122 7
2 379 799 2
2 383 799 5
2 63 799 7
2 572 799 3
1 630 163902
2 58 453 8
2 590 799 1
2 496 799 2
2 97 799 7
2 359 799 9
1 369 154456
2 23 231 1
2 446 799 5
2 231 799 7
2 753 799 4
2 712 799 4
1 765 47663
2 429 487 7
2 232 799 2
2 736 799 1
2 352 799 3
2 725 799 3
1 72 48991
2 250 424 5
2 790 799 6
2 746 799 9
2 239 799 7
2 693 799 4
1 696 117686
2 286 627 7
2 534 799 7
2 42 799 3
2 593 799 2
2 591 799 6
1 181 65542
2 356 584 9
2 8 799 7
2 367 799 1
2 323 799 1
2 215 799 7
1 781 107814
2 416 593 2
2 553 799 9
2 286 799 6
2 791 799 5
2 406 799 9
1 740 137757
2 343 734 7
2 429 799 4
2 320 799 2
2 651 799 9
2 652 799 6
1 365 105817
2 178 424 2
2 199 799 2
2 165 799 6
2 301 799 8
2 540 799 3
1 590 138079
2 162 685 6
2 649 799 1
2 405 799 2
2 119 799 7
2 726 799 7
1 662 54356
2 208 680 9
2 468 799 8
2 78 799 9
2 674 799 4
2 257 799 8
1 339 84908
2 227 307 6
2 746 799 4
2 688 799 4
2 274 799 4
2 664 799 1
1 162 38745
2 9 100 4
2 232 799 3
2 336 799 4
2 599 799 4
2 231 799 7
1 693 195817
2 517 797 8
2 313 799 1
2 634 799 9
2 641 799 4
2 149 799 3
1 107 47671
2 75 111 1
2 720 799 8
2 318 799 8
2 715 799 9
2 443 799 7
1 521 177986
2 174 200 8
2 700 799 6
2 187 799 3
2 103 799 2
2 480 799 1
1 447 26476
2 16 493 7
2 486 799 5
2 760 799 2
2 193 799 3
2 489 799 2
1 785 96127
2 127 418 2
2 697 799 6
2 561 799 3
2 638 799 5
2 223 799 7
1 285 20231
2 570 768 5
2 793 799 3
2 84 799 3
2 465 799 4
2 33 799 9
1 325 199016
2 285 470 7
2 449 799 2
2 615 799 4
2 161 799 7
2 223 799 5
1 32 90112
2 130 466 2
2 188 799 1
2 399 799 5
2 561 799 4
2 147 799 2
1 154 196450
2 522 588 7
2 542 799 2
2 616 799 8
2 296 799 8
2 460 799 5
1 608 17401
2 676 702 3
2 404 799 9
2 425 799 6
2 267 799 6
2 268 799 9
1 133 59053
2 17 729 8
2 542 799 9
2 668 799 4
2 239 799 1
2 588 799 2
1 11 10587
2 89 700 3
2 430 799 8
2 578 799 1
2 715 799 8
2 696 799 7
1 770 128055
2 176 384 9
2 494 799 4
2 30 799 3
2 745 799 4
2 270 799 8
1 543 183844
2 128 775 6
2 702 799 4
2 90 799 4
2 594 799 7
2 444 799 3
1 549 183010
2 371 591 6
2 88 799 8
2 436 799 5
2 306 799 8
2 423 799 6
1 101 156253
2 292 662 3
2 762 799 9
2 712 799 1
2 232 799 1
2 454 799 5
1 611 2191
2 423 736 3
2 284 799 1
2 665 799 5
2 125 799 5
2 148 799 8
1 700 77251
2 176 675 4
2 729 799 1
2 529 799 9
2 597 799 6
2 750 799 3
1 738 102845
2 584 625 1
2 120 799 4
2 484 799 2
2 170 799 9
2 175 799 9
1 632 129065
2 494 781 2
2 108 799 4
2 598 799 1
2 95 799 3
2 413 799 8
1 240 22037
2 465 795 7
2 320 799 9
2 306 799 8
2 768 799 8
2 504 799 1
1 103 45178
2 270 449 3
2 651 799 3
2 719 799 6
2 762 799 8
2 295 799 8
1 22 136957
2 643 654 8
2 776 799 3
2 126 799 1
2 105 799 4
2 423 799 3
1 257 144265
2 299 335 9
2 304 799 7
2 448 799 7
2 177 799 6
2 779 799 9
1 587 191796
2 95 626 3
2 711 799 2
2 268 799 5
2 708 799 1
2 339 799 3
1 714 175621
2 364 457 1
2 588 799 7
2 323 799 4
2 203 799 3
2 221 799 6
1 386 27134
2 338 621 4
2 178 799 9
2 356 799 7
2 750 799 4
2 342 799 1
1 319 72505
2 118 373 2
2 68 799 7
2 395 799 2
2 701 799 5
2 89 799 4
1 749 94812
2 10 787 8
2 187 799 1
2 396 799 3
2 392 799 7
2 566 799 7
1 660 68666
2 104 251 9
2 54 799 5
2 451 799 9
2 776 799 1
2 597 799 5
1 567 131059
2 399 482 5
2 79 799 4
2 322 799 3
2 739 799 4
2 390 799 2
1 80 120270
2 271 405 1
2 420 799 6
2 524 799 2
2 711 799 1
2 656 799 5
1 206 77241
2 710 788 4
2 704 799 7
2 61 799 5
2 131 799 9
2 101 799 2
1 442 86886
2 50 179 7
2 224 799 6
2 123 799 1
2 768 799 2
2 152 799 8
1 150 184649
2 140 694 7
2 23 799 4
2 467 799 7
2 355 799 8
2 537 799 7
1 101 181777
2 558 780 2
2 53 799 6
2 604 799 5
2 28 799 4
2 479 799 8
1 82 51175
2 167 607 8
2 487 799 6
2 541 799 7
2 299 799 3
2 278 799 5
1 36 143056
2 15 328 4
2 540 799 5
2 87 799 3
2 657 799 5
2 352 799 3
1 153 67299
2 211 581 7
2 157 799 4
2 339 799 1
2 735 799 7
2 786 799 7
1 409 189595
2 535 635 9
2 67 799 5
2 460 799 6
2 743 799 8
2 252 799 7
1 799 133657
2 367 602 2
2 629 799 8
2 700 799 3
2 33 799 5
2 197 799 9
1 611 17678
2 383 775 4
2 286 799 7
2 659 799 1
2 646 799 4
2 144 799 2
1 289 9072
2 547 570 2
2 421 799 8
2 455 799 1
2 303 799 2
2 159 799 2
1 467 22818
2 197 447 3
2 313 799 1
