45
16657363 757676756 1516472 6277424 4731 334 818288232 2898999 988555911 9588595 194653238 463984325 743415896 948898687 766669121 677269276 731377117 737337737 75432341 444255524 514 54 618526536 23263836 868131 6669896 84166729 28942627 3154897 887495573 235921725 575229725 7159 9999 641236233 26436 313641646 446 622621568 5826 58713517 337358337 14783253 282242972 148994799
757776332 61574 746 143217441 3242 138838 998999898 8211195 558999228 699891453 445939689 531789642 786469829 91661777 976 272727312 332377723 514751314 4455 5421 255422554 538131636 886668366 28812362 66289 619847 8849679 8824443 543729382 793197153 9575 599217 9292 1643 634 143122462 24426 158611886 886885865 573821 3587825 474783517 879484488 229187974 898748947
6251715 227757762 7717 0 142184822 48923 9945831 545888839 816566129 26985 511976758 396678363 464172349 247442936 714171717 74 721525127 355353322 515351333 35353 465128668 646624886 468666411 649434683 398661372 997823688 51798 899589587 159244721 951721212 94519735 333493949 1612 83165872 1611166 63 635188824 628435 578147888 45784 17285 837279738 918797731 748249927 219173962
565456647 1221726 332276 31633485 485866949 6421894 84962 333891811 33839 287933119 525798 749441457 597794 36725431 367576432 73617 666666666 1262116 26 1384 8335483 139299558 854992898 15879 559759857 861797372 637298 739416 966644974 421769 55592664 5315511 355555335 251511123 255552525 2367999 48448 612824783 384266374 881636783 955786 827215926 387783979 799317693 9623
71614 733333 6132322 6523536 961691669 69 312312499 32943332 973194 599477747 528799521 829898257 165766385 858763 634128687 486824222 686116114 884466 33133121 5523 11865942 595 95514712 42957 4667931 97346 319826817 229769968 7118969 5968 342831285 5523854 153381434 848854 21211 2222222 373163 7673 62344171 467579295 971479615 975628 4912267 65184538 361556959
247734237 113113333 36848864 6211952 62956 514 445 52714 722442423 7811333 778773373 8981762 79862 876165489 954638 396822145 953924865 915 9999 912219112 322333333 3174 447434437 764771256 15969842 187865 58667388 233517386 262683 49814 8849 121984 323883499 135155559 9355 15769727 565279995 67459114 43746 143676612 446975565 174395 2462449 921156231 9695
132214 828742 196848 669 222196159 325362623 75361 776676767 186748281 76248 974813473 47938 878532119 988522 8159 95958985 213942659 426423966 169431196 983299171 226167161 62726 115371 555375733 816654748 27584 458184547 448888 261683982 833989629 198831663 966986988 2594615 94625 514797337 743597 232725219 227 717171777 42723476 389175132 544939 5696149 625696 65144922
388883383 121894891 598964246 9169 435334459 133653262 65236 4486716 8764 3498172 483292372 39175738 59855 189552882 892285995 396145 696394433 323194623 622446462 116177161 66766766 573125 125557429 143785 8475 712842225 4282 981369696 915718115 282919638 228668989 59146 4569 127953499 97237245 577799113 777777777 2771 7777 1781 392399538 39412 339544336 514145659 959524665
998191111 988889945 868412895 232244492 945133493 335765567 266666611 266262727 95115779 795 7947241 423992444 941999413 619268626 192169819 165697243 9895561 8856635 463825117 626537847 774718414 7874 221277721 27733 3137 53 69225941 69624559 95641 935544364 2631896 683923992 188711981 979988978 842917 73325458 534117847 727777772 677826143 88888 198198383 224442494 632615119 5544966 33145133
552225928 948541119 3589 942321 3379254 666171771 648468646 176116172 365722 341674 664446666 62214 222264224 3318 858358553 332138511 9285 919847415 44588957 494731286 822976834 36971 696796777 69217 9696952 3145 533554544 122345534 422452545 81888 888888888 83272861 362872628 768384361 548469799 745692189 373447875 168784131 23864 558285821 99989 119 596932 152144334 34
198252525 935632892 513891 393494773 419227 624667488 6418 393379779 376262515 225367 515561651 56655 325281544 83428 38414 948 1982778 928799289 869597361 798585366 37192456 295724674 7156499 969464964 222331212 332223333 13 0 121588458 824258452 738651455 543776853 5612873 976826 76918 926756488 271162715 3648 14358668 225523885 481824249 9999999 51 222233432 732878131
54689893 192869853 399378523 759941159 779989988 672184 394334828 3375335 7436763 61256 2526 1854 844 2812428 927657288 718939199 388979939 9758612 952772876 717946156 496433576 326159774 692243934 11 0 2211 23 551313848 483555 871154262 87562764 558175886 873698373 193782626 77996668 1597359 526 638123456 54865 515443858 224289828 661621332 0 1873 728878722
988331564 57837639 772898719 597299878 18978 973397884 493289128 527293432 14644614 55565 62139469 356622366 33166166 96 416297 246279667 5731794 73443995 87315229 27279885 851877911 8889 434882136 482663336 38461 468 14266333 266666526 3137553 3357 7153472 272729444 917744479 697238388 47719392 35559 66166661 68248245 1168582 553458448 8631411 63265 127812242 78878787 877811118
428759634 819766 7974 872711559 233728682 389817433 885585993 541192 244622 165615655 858853443 7465911 363266236 147697599 694795 924371411 47239 8819379 7899 817292998 852985222 65548314 684635684 81134526 628645 61 6666 72731 33272 37411 94557 497925221 779447749 774199 94932449 932923121 63636 618656815 856552852 642894651 222447993 664815737 823474843 2871 778787878
1267948 729294676 1497 555767638 1233876 93582887 715798 444554955 642414 455328438 1348 3366 126622911 252556962 711 7777777 881442871 488477342 713384137 548558343 869211658 5289966 818518695 986355 134692236 24366929 499417797 979499444 922719 75233 311157335 595745527 722193836 944994444 941543 292292992 322146424 686665865 891938855 424968648 676751732 568684764 771131487 372269657 712786453
676677966 742961629 27264733 337551687 784566873 988822521 779929855 441515944 33838888 14382 23248343 691196169 644979467 956252215 675375352 31211492 645787544 618127544 4628 91889139 39614239 328218989 922228 9415 944545455 146937523 642459376 913576 677776666 167217 5337 3519687 392688 922515414 544959955 49114 977341465 538912 3888983 6999177 276772557 51846724 334844487 515834764 726335784
167679 734734433 773616624 276238224 811588468 588999898 192875591 338299365 153183 38444484 89142 462467779 667964147 993339993 125723261 653752572 1576 6 291993342 242344932 31944 94 958155821 982885585 196715383 956837 372864951 842877762 48617 48598665 612118754 936563586 539853861 292349345 122559225 499494 194 933298823 274479193 3796 577771166 687287454 762856761 735674458 456674381
7273 41437443 1879691 686421184 454824664 818599198 793755466 3291628 88833852 819141918 7897 6274219 359452577 993319 367478835 61725212 526275757 111449494 4944 92941 9243 18395 8935 998152761 1421528 198547166 738884766 87813823 67684 427134413 286528645 266679723 966855 59351 295299555 431331622 4544559 193414979 979227474 23697121 756555557 718138731 396522236 672853241 654859648
733323132 523377 516 857588222 56661428 926293345 163947 668993836 212289525 8279 197978971 435575937 352191447 433293238 478155746 6765755 261 6223 366566153 6656665 182464 2468 374731384 34747488 17283 257292588 589817988 733228644 3217177 34884 116841416 828929698 58624191 395359955 113161536 26543 559892871 99774744 914917977 239732276 414427321 83387 685517 6428559 966225251
573345 155221215 265562 164866 53 129364469 239967643 861168118 58497 79218 867899325 91157344 59738 189984992 765462852 61161 93934 2361 3562 41846 848666488 248317 83472 738337171 99758779 78173511 5789 1717 23222232 851324321 484466634 699814616 87677363 225156 663333666 653187 952327588 217714922 497 417795445 333272427 217881331 558336396 556911599 296266
145 555555 21561 3333332 3131311 466966634 16742 682686742 894714458 565395867 615398273 3131895 79579187 484999448 1418462 339244 431933439 6336 215562 662566625 717757575 75 727417457 229332427 349917943 588752879 146523769 0 153551153 8542454 63281 69486 3388451 6262 621346748 58786 919587873 92727492 393267351 499477597 3741434 992889298 125439466 699666696 139
5542 15 584343 225351251 22223332 61114646 666666 45178795 424396867 518615973 357435769 795899218 529557988 48749195 98393 1932441 4239423 116616161 888664684 61225 65263 164435637 479696 624971 93473774 3746951 2927132 24236532 55555555 181185 4457255 423181 834 467687811 487762 716218856 85379 7159633 695973525 157429 49 199149994 84617533 993231 339933
455255541 353852624 83114 553535555 92121 622666272 161666611 384575 73289461 3257496 9561457 55897 22918 656385727 1398 433449494 42219 556264568 866616461 77577553 513625 552776366 665159347 247997926 618998792 994663953 346441931 352252223 14512214 855 89818119 53852422 132131217 748763 164178484 572526585 96481247 935765673 669391756 424343254 119289888 595949454 9194 39323932 39943122
833969844 415518179 824848334 11595 497 716626 325 843517457 33766397 976755142 566664972 181988989 4466638 637815258 38922 9144111 5999859 682152645 432827844 3353117 36533545 69712 967676777 978179333 98826 31364293 964 1433531 2224524 129331586 598998858 773715553 272277 91576347 76844 784883714 2478689 15927356 565 1358888 595298 5134692 994 9149134 92492
881166333 8438863 89214 974959424 17944147 357 1352335 3752 116976916 949764577 224941466 328862436 43113648 386755 21929981 298858299 881198595 778754355 847187342 422273753 9616964 24669 91114262 989339388 556168889 946294666 622191691 435353533 3545196 537395527 295795914 575777 177 344862778 773138523 79347475 694181767 22255556 14622582 833383888 396158 659423 1229 949494999 415715941
2326228 184616988 8797 525472919 32657493 3573175 435844858 251125571 29967 169166649 3333333 386312428 82346 756876871 9599594 159829181 897273569 554833317 383883873 112279742 479 9717947 698828937 936192829 86593 96661911 6922 412665921 69634 411793677 457397259 215172 77 715817 337387352 838847214 633446483 651545885 224282466 266121668 536898895 539961593 393329323 592174559 44947559
688862991 827798796 811788987 9674973 135716429 785452327 455115881 575777775 291526529 32233 131113111 446683848 18866264 24467 495441119 5367389 42236856 278835 978158787 985972 752892127 379495436 449355461 42463493 161992416 69 31331 696492242 721839836 694744669 537517497 277525755 556271743 857 115817388 422889 612333611 468868646 843183111 66286622 218948356 955995666 379771573 772495759 55871632
687767894 298761218 5639827 636319474 789366755 182147554 485255282 11 534 122322213 3322322 68414 377627751 24162177 372675949 267635893 36795874 811928971 987978987 187181981 932647 916231646 534945996 51469 255599692 259166521 5553 866177698 892887268 926746621 794733995 716131734 264635742 1572281 85958998 119911911 322562652 231224482 384883484 868811418 249568 676291 379595 3657518 267268753
849481761 958377975 276389915 872455797 855966781 848848755 117148712 936492963 334331554 333333333 12 2625 565115651 444433333 65765323 46398257 7688714 484627 477821261 15764191 311113 233335 251 5444 115514151 2324956 914693112 888877963 796861 262674926 672971927 63774 675475631 535939282 222554199 99555 155515 24838 388823813 643436668 52964249 729266692 847126625 73865 856175376
489372545 987135 74567359 817996228 876296528 444118414 933763986 366132429 232552434 111111111 1242965 116526 535277252 434343341 7936595 187688247 764688 614478178 73372277 13232222 553 5151151 255524545 122544255 59364 913964 9798623 617618292 886696789 571397159 26697 234716417 6956594 111995354 22924949 315691252 5 838811338 2822222 268334715 646878498 314871 728554645 26365187 667768778
389474215 232549347 649517 798868778 912996891 893268 93689167 993664493 52554214 2548 8145 533753333 157772532 223233332 766617766 776262 266671126 83884778 3184 42583 84251 5585588 518 865926368 281266393 67439 14679 29647 449217697 97375 76196 9469624 921268295 943439439 9913496 353632292 124154 88888888 8751 826476356 7213 847773437 36121588 27268 126842724
573799535 579241 47927546 811161559 8384 223191688 267873693 19441669 888888888 484245418 32678543 317335517 544447433 92551 995595995 91195 964548243 925314768 7934683 474961887 696287 786762119 388738833 378751355 5245234 42451 454 4151 2336622 62611223 36666 16681669 98268 199214469 3993646 349516 245554342 527818575 75875 179995 722372232 7281143 637834737 178864 462684246
517919515 797474544 426916 3428858 131431448 988368689 978226187 868958298 811818118 117492699 547835162 37452 914771417 729224 929417127 683889776 699813 952368 951562598 496598984 586941 34282858 812318488 737773737 111771777 2772 127 4563756 53161547 377536472 249956165 99655886 391981 4269 231191369 549964 343741171 828277555 26975341 75921584 317711133 824575 367218 684684684 113484483
7952 1999194 33 341258518 3824 966188 467459694 251658191 276772238 7384561 755386 22147927 474449497 77149 632988793 183683992 66396588 995511968 624985 696582241 84354 14183 322333727 277771112 77 177117171 645273 175346245 576346754 491615659 222856969 19828661 38989 196961199 992229626 947911642 33437 944156371 553429467 52179 5757 851887785 632628366 488428831 448343488
229191299 232333226 13113 35458 82114 925629442 946751 795358539 67286137 7856332 7966189 2869778 296781 93749 133449943 335952432 952441429 9955 1591 92263183 1362 8767434 4686717 724664846 847422164 575573338 3588171 8272532 551258892 594499 9914444 64923 342949161 63333669 956161197 269674769 921796881 4375396 511436997 772373279 42517 858858585 881881118 33428 231552313
33344643 16223 223222323 554588411 555555555 4461592 555933245 838795919 366744768 719866982 899769977 617788199 72934 139241 944539395 59141 9925 129291115 356 61316 826767234 411782642 6447876 46781 377553285 8531271 878775333 955951518 44529 912422 6493 346169 322633966 2196 759667699 38731 9776682 154392769 469474976 17934 45452 311852686 6852864 535553111 9552
839496 6336 12121 222222222 55551 349474775 314122915 72548392 896549167 5279864 265784991 795573539 19359 392399233 21921219 949949 1199444 3244464 624521333 76385 858176 7585826 58256271 338744788 481783484 478233224 14898224 9 599199511 9953266 369251 4656399 665514619 699742 797416261 38333873 178896 764272294 119179267 344434399 56314 328562833 442155221 59995 9874723
25982351 16 554855585 2221 573776732 539174 3359 27874214 774477484 74118887 676636276 23116 656563553 5116 622554654 216155464 394594 143913339 7383982 719871221 878879997 98177 87236459 493826175 463695578 144845168 262665525 26161 3 1313 423 1442 5754 511714147 578323965 731628659 356893587 997666717 296 622941119 655664433 6116433 529333442 1211159 995955555
4261 28454566 158548 737636776 267136351 93257 111111111 22222 112221112 383866343 549152935 763658244 147158265 6758 1667578 958783299 391273283 943949493 491411949 424442429 2419 555369353 6531119 296395223 756715211 786645578 174678 742337448 821787143 3373778 1787817 8255255 1581825 4593465 59914693 339954226 121196694 69 62469671 6942 18286838 694694696 149954334 922955 975172634
6865 228154666 457325638 761136673 535364376 217 777 111771711 7928324 18646321 9756434 64615866 865686626 812151662 95398 1398 3934772 4129417 7479 971441944 625379397 526593917 693573579 5156 25648 81688824 833834448 881431 238 121882 555785887 785155588 695439742 713962452 455963376 749616 697797929 992191621 99339 199185565 62928 629114924 955499533 1796345 937246
166665888 437548 18346725 63742 417191617 9722466 667749192 7983 893933193 523298928 2295818 884845595 548914 326885545 824384618 76763676 176 6227267 83658894 554573734 415573 553742244 912291254 958599585 8119 398996826 298226391 3494684 861194 15967852 619257845 5375355 151335777 23525755 712122121 747447744 4441 626334 41166432 833556588 166881698 244296269 716169526 636446973 479613
27335582 743418355 368576 246972512 497667455 45776951 2857539 912385 98933 199189911 94482 18492 3648 114855163 653235367 217756151 555776766 1657557 34747272 324123417 37334 99144449 898888222 81555291 688593958 188393956 269958943 182515649 696794864 7498186 2337 72231 37733 7511 554274257 2154 635465 613415 3386332 821691289 688986968 9137 6227992 936712243 474967
5178321 755238 768181689 69278 969621786 4739 999413311 524932 94512 959959 151551995 256352322 1362 3847674 674816811 422886477 8146712 7387375 5387815 373257382 551251819 4549 414919119 93246 349129262 699396399 196 299757962 952669127 835487 8857134 873885245 782814887 778888787 1818881 8322638 632188 433443564 116591459 711441486 291465 379953 667979119 949722264 721861927
453773858 17892891 8798 9187 329769242 492161936 66559534 46159 6952 519222661 5335 331313 47823 655645163 47748 1847411 268337576 576583132 87635 598165 695242 469142699 449939439 93144 3299332 211192122 55779999 799155 3758462 567648231 4673538 86471 2668277 6821 3883333 31183 3452 445125195 459 95491 975362 277377916 996976939 68791 86927
91784 998242947 142789 66737933 131639361 566235933 129615996 699465565 61649945 3245 214321 783 7881 788288827 711122182 68573374 376874531 43576284 416892582 699569556 696666191 292392 192923319 334949934 419 457792444 522497197 665773835 7185368 262773853 6281778 7468 81846 238484244 82134 33535 195995111 952 59291 5697343 917436414 292673496 946716219 88776998 53781
