1000
3 292983029263
6 122112172351
4 8853406401
8 238550611777
4 163085136193
1 40486257921
7 413309914942
6 1504834157
6 181109068269
2 32896939021
3 456302467585
6 54095610241
5 171640786241
6 11594998801
5 2960427016
5 119926665107
6 377665609
9 330200193901
7 209638137857
3 2459501419
6 399811150201
8 33554102401
4 20334746185
2 163577357025
3 154459709601
7 581692599226
9 62012151553
8 91604376501
3 376747969177
4 79807604137
4 178571517865
9 49676934193
3 333206692381
3 87658640257
1 195311017513
5 50737996401
1 212168258856
8 238209050521
8 26292777512
2 13581099505
3 267005200129
8 2832358881
5 10631541222
4 293307813091
9 12643680769
1 142923557525
3 199889960713
8 4406825151
3 250186386289
4 480233416972
6 27328745452
1 60477068765
5 8930080921
8 239007862129
1 226135602361
3 234610664129
1 525357530641
4 170566152502
3 1422924517
2 300163591621
2 10334257473
7 40987855371
2 12517821849
9 12398226842
2 20363015741
1 59041035649
3 404942250205
4 336917321049
3 149419750681
7 48409120249
6 55349002241
5 10764403231
4 205743285769
5 262959430501
6 617384443221
7 53155953985
8 214053470905
5 118404593776
2 337855626376
4 261369765112
9 193163647501
8 5106403303
5 231091659213
3 112000050301
7 82630836289
4 3840603481
3 43390864591
9 542798893
8 15638615641
7 186558032321
3 135179986241
2 155805646253
5 18895250305
5 109771106641
4 293489457409
8 3111136129
4 4229659617
8 129249412579
2 613100921
8 500357585245
4 43874191765
6 134174968759
8 13027618429
7 38467060241
1 6132439496
6 13006395421
1 72134979037
2 166593043957
1 127120173375
9 79202641561
5 357952935781
6 3959528753
4 39124483945
3 20201005617
7 127867507921
3 224230970809
7 673721368
5 508802429186
2 238922019575
2 61233587185
3 395047138305
7 88574602753
8 27917748769
5 96163944181
9 92261073661
8 26713061761
9 559834794433
2 153164960223
7 62669740801
4 66482016601
8 1852826017
5 241322262977
2 47568789622
4 66328200001
8 62642388784
4 318900309337
6 30281176303
3 185430251501
7 82134110785
7 149279327519
9 111906729117
2 294197508767
3 233920703593
7 293618497537
2 156921118849
4 39611828397
2 215688673345
5 160255120897
3 708803816449
7 25588601809
8 73719486721
6 43486100637
1 1351903771
2 303408485040
5 71820338101
3 392433324841
9 349551249433
3 170435931681
1 81750445921
9 729677199241
7 121400961526
6 85272665713
4 21523341061
5 4079371783
3 93191166713
9 63469656622
7 32386594006
8 13559149171
7 655053107101
5 4099911201
1 26582876461
3 46207060801
5 39369129556
1 367746180517
8 435807799965
2 111286797051
1 103134142801
3 16291916161
1 74625019631
3 37137565921
9 39053018161
3 93184953253
5 21147364161
4 263843374297
7 110391854977
1 264857555936
9 21048782041
1 134561655361
3 10905056871
9 1748780331
9 342185361220
9 128345421205
9 62049043876
5 18880932701
1 150788630851
3 60482925289
4 1221062329
2 283999798801
7 62370513934
4 91473131575
1 74131024033
1 253853709409
8 2270304973
9 236708795632
1 220442464725
7 47850260806
2 235869063041
5 4033858801
5 90345265921
6 158188256665
7 204882427153
3 252003989161
4 55930389505
8 78450333001
3 4734181471
1 537634951099
9 492583178437
3 188223141601
8 21949591561
2 487603533159
6 278429459551
8 9275580001
8 491818768234
5 142151113
3 50858327521
9 27040416625
9 17555683633
4 79548292517
2 37194469921
9 9029461211
8 245652906766
5 48500299009
4 11904347729
8 34216304851
4 249149317231
2 213418404611
4 32196680065
9 10835288777
5 130230736713
9 131132648305
3 18246232621
6 416217234741
2 83411975683
5 4689831169
4 2335541041
5 23598768961
3 1630100956
1 4192213881
4 118902092065
5 87334694457
9 170375155457
1 19829422243
5 63088119271
6 392467811201
6 38128590721
7 4687121671
1 3136011661
7 45872801961
3 52856434555
9 397803303241
2 965417131
1 61665802486
2 381596222961
6 127838095417
1 629187827885
7 37524396001
7 170530752988
3 42993688961
3 29796221798
6 18384783169
8 83180756737
1 290414294017
1 6280957393
7 142893995401
5 240847209266
6 133695354961
3 273435172401
1 132861471926
6 59582490001
6 97430644081
6 89008168201
9 18214191766
4 24447058525
1 612284289
7 385387169751
2 421279874092
5 227994461761
3 14850547921
3 20521055745
8 16565212171
9 28383339601
5 22797191041
1 17509876669
7 49688845168
1 53657972391
1 45024892298
9 94106825641
5 9453667993
2 74257821001
7 246867886657
1 194122971577
5 114033815897
5 492650876191
9 9916958881
3 100653819760
3 95917205361
8 26927906501
7 12674700793
9 31573900513
3 184110544801
5 74249331341
4 44969190113
4 10521777673
3 579460362391
6 485197119226
6 134551614931
7 5508659305
7 459287604001
8 223761615793
5 346398539901
4 20238397201
1 455301161305
2 586202059793
6 119818619983
4 235053768705
5 146032812729
5 400804704019
3 68112474589
7 573035967011
4 29460790801
8 85220198497
9 4156166761
7 84823208449
6 87669611777
5 86787139771
2 89266571533
7 4149134749
7 18700683877
4 2197236159
6 441622261
1 165468825241
3 295368190209
9 26770098622
4 57704627774
3 118238090397
5 28372484281
5 389265986026
1 170013621373
2 99327526204
7 28661046109
6 109138885057
7 274776975001
8 29688033961
4 209393993377
4 6716800936
3 11535948095
9 3437035603
4 353412767296
7 380952028876
6 27485742321
9 59417386623
9 30930837961
7 8708612131
2 8083376071
5 37262685349
8 2607492601
9 63168084899
2 108030572053
1 10988268166
4 11482398787
4 613171046746
4 63270101841
1 243874680877
8 365042976211
3 580964593
3 11976228001
9 109572304521
4 237530705185
2 136186276213
7 528526951921
8 292705627117
2 2436976961
8 32987919875
4 125476679593
6 12414734977
7 47686106161
4 597058456321
2 2464910449
4 137910294131
3 7381240021
6 57563406199
5 13860815041
2 22159620330
2 212313332305
2 23486102977
1 197741914441
5 18144191937
1 88631655127
2 68798358721
3 102263053346
8 557842773705
8 818701378309
8 298736329336
5 285233929201
7 14649097579
9 17398351158
6 26898971401
5 230823505336
8 24624529777
9 125803656343
1 51589657547
2 46125939707
3 33819824977
3 191318206393
8 187795267076
8 129035513809
1 16579861156
8 52722226837
5 59769103609
6 451106941
3 270422914945
1 1401270157
7 45602043976
2 28183476007
2 245916148749
1 42238105873
2 22278974239
7 48182376
8 42812815681
9 27946631973
1 241700626021
1 73343714401
7 240102143191
2 39876472945
8 613590664441
4 247423807489
7 73286160001
3 72329864641
9 221577104449
2 44796898651
1 553562142721
2 124378666401
1 253130944333
7 72163215103
2 453987627581
6 88429811671
8 152080806571
4 150421889593
2 295988876614
7 312488306975
8 116989157181
1 47728882371
2 769005895
7 30490686461
9 3386756185
3 98948238691
4 3940177501
3 162550862625
8 2679539697
7 98875034881
6 33920835457
8 39645954307
9 107782907401
6 156835410733
4 202461111281
1 41835527427
7 310931436025
3 13057537591
6 471214381
8 1695887281
5 186541110757
9 9937070317
7 259177259251
5 54299414809
2 70708273
8 22904964421
2 30600248761
2 134096556106
7 359424251495
7 17855887337
2 42742591025
3 97590644929
4 170704995048
7 13648809526
8 27204471547
1 252373027061
4 218710858301
1 66746022337
7 41768628721
1 39910940329
4 103307218561
4 17314721137
3 650158066621
3 113362481
9 9429720301
4 71102016346
5 44659771801
6 266079900673
4 234538471753
8 133203866041
9 129103266501
5 332538390091
5 35789667501
9 438971208193
7 31105052056
4 211889941957
9 378745221310
7 63675042913
8 196844926259
7 321447315176
7 18184109691
1 148180154641
1 83393979049
3 47759026501
5 170920605241
1 5154086737
8 341076713545
8 16621740721
3 67036303711
8 4276589941
7 46477516801
9 197251546753
9 345879256789
2 306830306761
4 72976928382
3 19363543831
1 3173599801
8 520744530853
7 157516355305
6 69141982753
2 48630136501
3 29969408001
5 90331411501
3 96718891281
8 5350925617
9 7158894652
8 102358775884
4 20354413265
2 66818428601
8 355278045349
9 103672335376
4 360538298869
1 61138085581
5 4328673211
3 53576061625
7 1771060353
3 4420867329
7 521406601
1 342513918041
2 301016378241
8 14667410094
2 183438260776
1 147940625953
9 23090523441
6 5234585305
4 282625154157
7 54060761044
8 240654063629
5 377891369
4 637354441
5 44199253126
1 132681222631
1 13975689444
1 650270083561
1 168068477211
8 3090850489
9 204137388901
9 287187251
5 15198799948
5 241065658043
2 7042302401
6 664394409601
9 13913529904
9 401204255189
8 66007681
9 230935173337
4 85313372173
5 30846950001
7 185619027045
7 231423233665
7 232254968491
9 146158561
9 136095769831
3 69963876091
3 35741595511
9 189806878909
7 210459051485
4 231211132241
8 153456411655
6 113667254317
6 18212815606
4 283998205841
7 40550133793
6 357139850637
3 290950277833
5 8520261133
8 3245605138
3 22217210257
8 296820970797
5 546264729001
4 13045282831
4 59885044481
1 24638956453
5 13069275649
6 2540334215
2 151292373961
2 186859233
5 93015812501
3 27700747075
4 528807043901
2 3146616001
6 105198326497
7 17502629761
7 9552018841
1 2068202566
7 10695426535
8 269173973521
1 717864867721
3 303814911136
7 301720710241
5 129433169867
6 2449997551
3 18551292849
4 251179393
9 33652081828
4 68010120802
2 225216575361
9 389184935161
9 391627026001
4 336295248801
6 11114628058
2 299455556401
2 139850379649
4 307347486241
8 159659966121
8 306654628897
6 48125090881
1 74956214785
2 60253589761
6 19973286901
4 10485128997
5 27160825771
4 198714279737
9 234346613798
7 95655422017
8 160801741
1 97411025737
7 210005250001
8 24253025971
8 109173046581
3 20894652451
6 7259832321
2 151295792437
6 13531620169
7 167614394011
5 403435961587
8 52403664349
2 1451640473
5 200360763697
1 54252882945
8 464013230671
1 83440761769
4 98493246625
9 327851073251
5 306406298821
1 72468452251
8 137786960125
9 125828191035
4 698994871051
6 117704801853
1 15333181111
5 138878355409
5 51132234721
5 671364767221
1 156996747145
8 50778914915
3 107898275557
8 401235668814
3 102245716783
8 13222213282
7 121025992825
3 21627518641
9 267653543977
5 182543121181
6 50420900209
7 42788416196
1 154550183761
2 89773377301
8 25573512646
9 317469285745
6 25271130561
9 3353887012
9 6915550771
3 5668502401
5 40149043201
6 73504876761
8 227371901251
4 9645055762
2 22298912065
3 61191014566
8 100872451681
5 48289578436
9 8989945834
9 49722857121
3 327025340641
4 306974727320
9 129873726401
7 76233165361
1 385766051611
8 74579918449
7 51701869495
3 67887005473
9 209964539611
3 215581266253
6 127017857617
8 54944049721
4 31343248756
7 204650405301
5 9449692849
9 4060897849
8 9727978681
4 2107887202
6 4996042479
1 48328863961
2 100252174141
8 328240682485
9 33538080760
4 760606375
2 80907143626
2 39848920321
8 13858328485
2 180505472001
4 56421309701
7 209329849
9 3416126876
1 170657339941
1 90099537601
1 62974109017
3 132913050793
1 103264505761
6 170713449362
7 241450154401
6 319974461476
6 134325948241
4 46208565061
9 12627136831
2 68666570155
1 340426858981
3 64661410801
5 178721552161
2 516248215081
1 9873549193
3 70777477951
6 88930000537
6 50925285889
8 68570491081
2 378931718146
6 32881138837
7 228070279
7 334839226497
9 157847604877
4 104296784401
2 123992814401
2 91805876821
9 14763339361
3 77453090881
2 349158457
1 15806501921
8 24248757677
3 10809278905
3 47526841363
4 25871985413
7 83746280431
2 1452273193
1 16672362139
2 236906118001
6 485714894809
8 284206092691
8 588856213
3 27710324590
8 246968281561
9 99500695441
2 13645617469
1 168672291841
9 16982715121
4 301151551351
8 119761462186
6 211529827073
4 19876694311
5 165869494337
3 23069176801
7 66684630046
7 111249688061
1 34588839916
2 194156764561
5 16470436373
8 34650660241
8 237642227281
8 73537244929
8 20089407511
1 151784284373
2 1149632241
1 46889779681
8 201666113188
1 65989587801
3 28174508737
2 6402283336
3 110882427913
2 258802729868
1 201878157097
8 23630915109
3 32300649289
6 417753255361
9 26682047981
5 1985361879
3 106830831526
4 214261444801
8 289309621783
3 987651841
8 60519785041
5 99726056851
5 80382604754
6 12393363977
2 61142151511
3 222335378659
8 23812536316
9 364795006255
6 13538521603
9 46440265481
5 114350739361
2 1168859245
4 26963750878
5 118384908515
4 334755220801
6 29641278943
9 37838888193
2 669571219097
7 128744829541
2 5488218289
4 58530588871
8 200873662501
4 39256245271
4 22512519667
1 3874745941
4 94420906763
4 120288857041
6 337687398086
1 226214504045
4 168399933665
4 33262768001
4 303022844529
9 26049030901
4 65114948323
4 94299208149
7 7346379
4 74509982953
2 428994124417
6 71961800401
7 204379078
9 87660410491
7 1184946577
9 33780927601
2 102749945617
2 129477952441
6 185002027981
9 12962090341
3 93515505513
2 80376717041
6 146449145151
7 66619894681
2 134775139981
9 111097595419
2 94469228701
8 79907246119
4 61782637601
4 20368933921
7 82414555225
1 155716525441
5 19570217107
8 5935630233
4 289882491391
4 91015561641
8 126543692549
3 201748817505
4 100227467481
1 31378317121
9 22689175731
5 83658573537
1 446265315250
5 16067951745
7 323424697933
7 91022505421
1 12613894371
2 179270081351
8 221529508201
6 48256317649
2 92000022489
7 568622088065
1 69618582321
6 47009704161
1 30066654853
9 99968625121
2 155428841611
2 267522989582
8 1721770741
2 47271332901
1 503879262251
4 473166639751
3 151449134401
1 12570812817
2 94419310525
8 42084902833
2 51261425905
5 387385309585
1 61553741172
1 23766343553
3 146326752001
4 91313055625
5 208853811073
3 195413295502
7 181987866113
3 257016966251
9 220803393025
5 94231885225
3 43324000071
2 2784272833
7 66372262507
3 86304747131
9 305494602301
6 25545953504
1 26593741171
9 705609741981
3 109050458273
2 659760525425
5 149458756294
6 38129702833
5 415418349025
3 767369641
6 42785899957
5 51745869253
6 446609761541
3 354355246081
1 1450967711
7 130361973121
3 208760307153
6 147927229165
4 392723006769
9 234828066881
7 25380710911
4 53598289726
3 246947657617
7 45398525068
5 10676369117
8 300450851911
6 43695356641
6 9228257413
3 34375413126
7 47551226689
5 288694474030
2 82120853485
2 124005004633
5 143254301569
6 60270586261
5 9362727971
8 40924905057
6 35613110485
2 137591876467
6 10263653577
7 7253569
1 2257557845
1 17184637009
3 282780938701
6 117286668787
4 70163564101
9 99418265185
7 296332811605
5 3073898113
7 132697033660
5 130586013891
2 72527777785
4 247608726561
9 23346673603
5 32539372139
5 60458017621
3 10860358501
9 42519259441
8 63722796001
5 152498248561
6 16595722585
6 24262475498
6 51492077380
1 63957227764
9 839184193
3 129668858011
7 28761282719
6 71645294861
5 47527802701
8 198814622161
5 14656839310
5 4357505771
