12 17 348
7 3 10 11
3 3 11 14
2 6 3 13
3 4 3 7
10 1 11 17
6 2 7 5
11 2 12 11
8 11 12 13
6 2 11 7
10 1 11 17
7 1 8 10
4 1 11 10
6 12 12 13
7 8 9 16
11 12 12 17
9 11 10 16
2 5 9 14
2 5 6 8
3 2 7 15
1 2 3 3
5 5 8 9
5 3 9 5
7 2 10 3
8 6 10 8
7 5 8 13
5 13 12 14
9 6 9 9
2 4 11 4
6 1 8 1
5 13 11 14
3 5 10 15
10 16 10 16
3 3 9 12
7 10 8 12
3 1 6 16
7 10 10 17
5 6 8 6
2 2 7 8
11 5 12 7
3 9 12 17
4 16 9 17
3 12 10 15
2 14 12 14
9 3 12 4
5 13 5 17
2 14 10 16
4 4 11 13
6 2 7 5
1 5 1 11
4 1 11 13
8 4 9 14
1 1 9 12
1 2 11 11
2 5 3 16
1 3 7 14
4 11 11 15
3 1 11 6
3 13 5 16
2 6 11 13
2 5 3 9
6 7 11 17
1 8 6 8
7 1 9 15
3 4 11 8
2 7 9 16
2 2 12 7
5 14 11 16
10 9 11 14
2 12 9 15
5 13 7 17
3 11 9 12
2 2 5 10
5 5 9 13
3 12 8 17
6 5 10 8
5 6 5 9
7 13 8 17
6 7 8 8
1 4 11 12
6 13 11 15
6 11 10 17
5 9 12 10
6 7 8 11
3 7 10 17
4 13 9 17
8 8 10 15
3 6 10 11
6 1 9 6
3 13 3 15
10 9 12 11
2 12 5 16
1 3 11 15
5 5 9 6
1 3 11 6
12 2 12 15
4 1 8 4
6 6 9 11
3 2 12 5
8 7 12 10
1 1 11 4
1 1 2 4
1 2 8 15
8 5 12 9
3 6 3 12
6 12 8 12
3 3 9 16
6 3 9 16
3 9 9 15
8 2 10 5
7 13 11 16
3 9 12 12
1 13 10 17
3 1 8 10
5 7 8 10
4 8 6 10
3 4 4 17
4 6 5 10
7 3 8 7
5 10 11 10
4 12 8 16
5 8 8 9
2 2 11 8
8 12 9 13
2 5 4 11
4 1 4 6
7 10 8 12
5 7 5 15
11 1 11 4
6 11 8 13
4 6 10 6
6 7 8 7
5 9 8 12
4 4 5 6
4 15 8 17
10 5 12 14
2 12 9 15
4 9 12 10
11 8 11 14
10 2 12 5
6 7 9 13
7 2 10 14
3 6 9 11
10 5 11 12
7 4 12 15
5 14 11 14
2 1 8 5
2 2 9 2
3 8 11 15
5 2 12 12
8 6 8 16
3 8 10 15
3 1 12 3
3 12 11 13
7 3 7 14
2 1 12 1
4 7 9 14
5 1 7 5
7 3 9 13
3 5 8 6
2 6 2 6
3 17 11 17
1 4 6 12
5 15 6 15
3 4 8 13
7 8 10 14
12 5 12 14
1 11 9 13
9 2 11 16
3 4 9 17
4 2 7 15
7 3 11 5
9 4 12 15
4 16 4 17
8 5 12 6
3 5 10 6
12 2 12 4
1 2 3 11
1 1 5 14
6 3 8 5
4 3 9 11
3 5 10 13
2 4 5 17
3 10 5 15
4 6 9 9
3 2 10 9
9 16 9 16
1 4 4 8
2 7 8 16
3 5 8 12
2 1 5 3
4 2 6 6
2 2 3 12
2 9 11 16
10 6 11 16
3 10 10 14
4 10 12 14
4 4 12 16
2 17 4 17
1 14 7 16
2 12 7 17
3 5 3 10
3 2 10 15
2 11 5 15
6 5 8 5
4 2 6 13
4 2 6 5
2 5 4 10
5 3 11 15
1 11 12 14
5 4 11 13
1 4 6 14
1 13 11 17
9 5 9 6
2 1 3 3
3 6 6 15
5 1 8 16
10 5 12 13
7 17 12 17
3 5 10 8
3 5 10 7
6 16 9 17
9 7 11 13
9 1 9 6
8 15 12 17
7 15 9 16
5 2 5 17
10 3 12 11
5 6 10 16
1 3 7 8
2 2 5 5
2 12 6 16
4 3 12 7
5 8 12 10
1 13 4 17
11 2 12 10
8 9 8 14
1 9 8 16
1 9 1 10
3 2 6 3
3 5 12 10
2 11 6 13
9 5 10 11
1 10 5 13
7 1 11 11
4 6 5 7
2 7 3 14
5 5 7 15
7 3 11 11
8 4 9 11
4 6 10 16
6 17 10 17
5 10 10 16
1 5 9 7
1 3 11 13
6 3 10 14
2 1 7 5
5 7 10 13
5 13 12 16
1 6 2 14
3 2 8 7
3 2 3 7
1 12 1 17
2 5 4 8
3 5 9 17
1 1 2 13
7 3 12 14
4 6 8 10
7 7 9 14
1 13 10 16
5 9 7 11
2 15 9 16
8 6 11 14
1 5 9 14
3 9 10 11
10 5 10 15
10 1 11 12
5 11 9 13
11 4 11 13
10 10 11 11
6 1 11 12
4 6 10 13
3 10 9 14
2 7 3 16
1 12 9 15
1 4 10 13
3 7 5 9
1 4 12 11
9 3 10 11
11 8 12 12
9 10 9 16
2 7 5 9
6 1 8 5
2 2 8 17
1 4 9 7
3 1 11 2
4 8 11 12
2 1 9 14
1 12 6 14
1 1 3 7
3 1 11 17
7 8 8 10
6 7 6 16
2 5 9 7
6 3 7 12
5 5 8 16
2 12 4 13
7 7 8 17
1 7 2 10
6 1 7 11
10 10 12 13
5 4 11 16
3 11 12 15
1 4 7 10
8 6 11 9
4 12 7 14
1 9 5 13
10 9 11 12
3 10 9 16
1 8 7 9
6 4 11 11
6 10 8 12
3 1 10 3
6 4 12 8
1 3 10 9
6 11 10 17
6 4 7 5
7 8 9 16
7 1 11 11
1 1 8 3
7 14 7 17
3 15 11 15
8 1 11 12
3 6 9 8
4 4 10 13
1 2 11 6
1 10 12 10
2 7 8 15
1 11 10 16
2 5 7 16
7 12 11 13
1 8 9 12
6 12 9 15
3 9 6 15
4 12 6 15
5 10 12 10
10 8 10 16
1 2 7 15
7 17 7 17
