2
100
1282 150 1157 1680 2367 343 1028 2974 3192 1047 610 1770 1855 872 633 3968 1849 2800 953 2334 2364 2920 3938 2776 1464 3005 3982 215 299 3249 2756 2389 2443 763 38 3330 1825 451 3108 451 1576 3879 3751 1485 370 2138 3719 78 867 2847 1365 549 2516 3186 178 773 785 3583 3542 3414 2044 2153 2250 436 1672 3525 3310 46 2078 3708 3828 584 3483 3437 1763 1177 3344 3976 2325 942 321 308 2105 3397 3271 1961 1618 2419 3406 2327 1269 1791 2871 1822 3631 2404 2199 1620 381 1203
10
23 1058 55
11 50 71
26 2543 29
23 1761 75
10 3309 92
95 3861 10
100 546 2
88 1548 33
90 3952 27
38 3450 100
